1291
133 113 147 66 64 82 109 137 66 86 98 127 63 
97 61
78 96
100 113
41 100
29 107
114 115
114 36
14 95
126 89
61 29
52 43
43 77
37 30
42 22
61 7
84 96
9 43
129 84
91 85
20 62
31 2
92 5
117 97
61 89
58 115
64 23
117 25
123 69
40 106
124 82
123 31
64 34
2 110
4 70
102 43
89 14
120 36
68 60
116 60
128 27
33 112
38 81
37 44
72 18
80 9
65 70
19 6
55 80
116 117
74 78
114 75
97 78
131 40
79 2
88 29
5 23
42 33
49 66
46 38
44 29
43 104
84 95
81 126
35 46
130 105
86 42
50 32
84 27
111 49
60 133
39 114
60 106
31 133
2 66
92 122
107 4
124 3
44 133
125 23
87 111
126 86
2 3
17 24
91 100
44 13
69 58
38 128
50 71
29 102
119 83
92 84
127 101
76 86
28 27
19 52
20 133
9 61
74 109
47 99
90 97
22 65
33 93
24 16
80 19
92 124
130 114
110 90
40 50
107 61
95 31
25 22
127 15
85 125
53 22
78 114
114 105
63 7
87 46
104 101
22 89
74 99
117 92
33 55
85 16
57 89
56 59
53 99
7 62
17 102
97 128
32 102
99 109
21 64
12 1
125 27
71 52
27 110
87 39
22 41
91 79
88 110
107 85
115 108
91 25
109 17
95 89
53 124
105 86
53 32
83 20
10 57
52 70
33 78
94 8
15 65
106 121
116 90
109 27
19 41
91 32
15 16
24 117
102 71
2 92
84 32
19 101
27 93
45 88
55 74
125 46
35 56
32 105
42 16
41 88
90 75
117 68
74 97
57 4
59 41
8 20
91 16
79 65
75 14
128 108
8 32
132 91
128 68
74 18
114 104
102 122
86 89
28 71
94 59
23 119
118 12
89 67
113 93
72 90
103 87
49 90
119 121
56 52
90 15
84 21
111 100
110 59
49 132
60 115
86 29
77 130
79 84
99 51
40 67
46 32
130 56
19 73
53 114
4 106
115 19
59 33
3 22
6 67
92 133
43 67
3 68
79 92
116 79
106 12
97 113
65 120
60 85
104 81
59 76
65 46
87 133
90 131
104 126
61 62
74 47
103 13
33 11
120 42
47 124
79 29
32 87
41 31
120 79
28 61
48 48
109 38
63 34
23 16
74 57
29 51
25 51
105 60
124 55
17 48
91 104
119 1
91 117
79 108
125 87
50 73
103 79
95 85
122 77
100 5
114 94
52 89
104 9
59 121
36 94
25 35
96 109
115 128
47 105
105 6
38 64
17 56
132 120
5 8
17 63
4 11
101 130
54 127
37 43
23 37
48 18
83 15
93 73
109 9
102 129
45 10
74 116
67 54
120 59
8 13
80 76
132 59
67 64
83 80
20 22
50 132
107 13
68 34
84 99
42 3
57 79
20 64
105 95
131 35
5 53
76 108
112 5
129 20
102 133
43 100
6 64
41 54
12 48
91 65
52 59
49 44
37 113
86 31
81 9
76 109
3 64
121 84
104 78
40 7
79 48
131 67
93 121
113 114
33 131
133 45
40 53
8 124
52 29
119 81
69 46
2 83
10 108
70 94
84 56
96 113
75 96
29 108
2 78
16 27
24 119
21 61
108 22
42 24
125 123
111 36
53 127
109 21
54 16
38 11
33 17
99 35
108 130
45 115
40 105
10 56
48 125
130 15
45 120
44 83
47 93
53 15
81 40
39 125
34 121
108 74
82 30
16 97
48 122
54 115
89 113
15 61
85 40
74 131
20 40
30 55
61 80
36 35
81 51
83 24
10 116
100 89
16 51
94 34
124 114
21 10
78 30
76 121
52 128
69 10
72 109
92 40
30 117
50 41
121 14
106 112
106 91
92 115
116 45
81 50
125 100
37 36
97 23
80 70
16 72
69 91
71 110
17 104
39 6
29 56
54 63
121 28
59 71
89 64
40 24
32 45
68 122
65 24
5 115
28 107
73 103
132 54
13 65
108 100
96 122
22 120
52 36
66 33
98 48
107 108
121 30
66 41
17 13
101 15
129 11
32 93
114 17
29 6
32 59
107 18
122 98
94 72
28 130
52 10
35 3
67 115
6 35
35 129
87 22
51 126
13 11
93 97
122 24
106 51
112 48
114 76
117 33
22 49
15 44
19 118
49 56
79 31
56 71
65 110
97 36
133 67
101 114
52 116
124 118
24 27
126 38
101 113
130 1
33 108
24 106
26 11
118 106
46 43
5 125
107 98
127 33
51 41
10 39
70 114
11 116
44 5
35 115
114 109
58 78
81 67
66 92
13 92
100 14
49 58
111 108
44 39
83 60
18 126
78 10
54 76
56 112
36 6
99 54
100 20
12 23
55 70
9 106
43 68
94 83
75 7
44 124
99 113
21 54
9 2
116 29
88 106
127 110
31 51
125 77
107 8
33 2
127 84
82 85
62 79
118 37
114 131
96 106
79 85
48 88
17 6
40 94
74 80
84 122
98 120
7 37
122 58
102 128
15 2
102 131
48 10
64 11
29 65
41 38
81 41
2 125
69 34
122 73
7 96
14 76
24 89
132 71
69 51
65 64
83 70
87 96
56 13
101 29
77 23
109 29
79 75
126 110
22 128
101 33
97 41
70 118
79 123
95 113
5 124
50 112
120 91
33 51
55 5
36 61
130 84
109 131
34 28
56 100
80 90
65 25
82 24
59 43
27 133
53 30
118 59
81 78
11 48
112 51
6 132
4 41
130 50
99 49
2 107
53 44
43 3
43 118
48 36
20 54
67 79
100 99
42 96
70 128
132 126
34 30
64 58
48 37
33 20
79 110
104 128
67 92
34 129
29 42
75 28
18 2
96 8
8 87
111 104
7 107
35 82
121 2
37 68
40 29
24 61
26 30
10 123
41 70
101 50
75 89
14 23
72 11
119 26
33 96
9 85
116 64
62 118
132 36
83 130
41 35
76 11
64 10
128 129
31 59
58 119
86 38
50 119
105 91
127 67
74 72
3 38
67 66
75 82
128 54
8 69
126 114
64 9
105 79
133 104
50 45
130 97
12 80
29 13
114 107
95 16
109 50
37 65
84 74
116 43
93 80
92 37
117 78
106 125
57 30
70 28
120 70
87 124
31 66
58 80
27 20
27 75
47 32
102 126
51 78
29 41
115 55
68 7
65 51
90 127
85 116
61 96
46 22
79 113
118 8
28 44
132 76
57 119
5 110
112 121
50 129
18 12
18 131
35 110
123 94
67 16
7 91
4 42
94 117
93 127
120 48
122 117
38 55
6 94
85 106
115 57
107 19
17 41
4 36
51 107
133 103
129 45
98 116
100 119
125 131
74 114
67 55
26 104
109 113
28 62
72 48
121 48
58 133
83 132
38 123
89 50
125 117
131 129
51 91
84 103
41 27
33 6
127 128
4 84
72 56
41 78
61 63
94 55
57 40
127 48
74 75
117 70
68 9
68 13
98 108
59 15
16 78
109 65
32 27
1 89
40 31
12 62
34 109
19 58
111 58
89 116
52 66
105 41
111 10
93 87
79 15
65 14
83 89
100 90
56 97
21 16
67 31
54 91
49 24
85 50
81 63
100 132
5 20
115 118
30 120
30 132
36 28
116 95
116 48
77 13
97 35
122 85
16 96
126 19
116 110
56 40
88 79
31 69
15 113
37 24
118 40
46 56
8 101
107 57
116 77
128 119
40 3
110 77
99 111
95 93
21 132
18 108
74 101
36 109
82 37
33 46
129 89
62 21
70 63
22 114
10 101
69 65
78 37
120 108
22 83
80 95
13 120
63 1
64 74
33 79
85 92
39 77
82 70
121 113
2 25
45 123
61 38
48 5
88 8
50 9
124 19
10 121
93 9
31 36
29 129
63 118
74 49
130 61
84 24
17 45
127 19
40 74
33 64
34 26
15 9
131 30
44 102
74 130
27 7
120 50
123 20
33 103
100 76
73 118
51 124
127 132
50 30
81 14
121 36
104 71
70 97
118 6
123 124
93 8
108 62
13 53
82 130
4 58
98 34
37 101
35 55
29 24
54 95
65 103
74 24
42 55
109 130
70 32
23 48
118 20
83 120
2 57
67 19
121 109
43 103
14 115
81 52
122 119
31 92
18 77
92 24
62 6
62 73
82 15
84 63
108 2
61 50
24 116
26 72
98 9
40 107
66 126
92 87
59 51
97 115
13 33
46 74
110 28
124 74
113 86
121 120
79 61
30 115
58 38
127 37
80 29
105 78
113 67
81 82
60 47
133 115
46 122
81 103
73 109
25 37
123 74
48 70
43 84
17 105
94 44
123 133
4 83
64 121
45 82
123 39
33 53
82 77
33 114
35 15
45 103
72 23
97 12
104 14
52 3
70 129
11 79
19 25
49 72
127 58
78 85
122 131
121 9
115 106
19 90
92 25
25 26
38 14
63 105
71 79
43 72
59 111
58 102
54 84
80 133
53 74
12 17
65 32
98 80
57 49
94 81
66 94
99 101
101 121
108 53
51 127
68 124
111 91
90 3
87 91
57 23
106 65
2 35
12 36
22 100
92 53
6 30
64 32
120 99
19 84
105 102
56 11
58 16
74 107
24 67
44 100
96 115
33 40
27 25
30 72
19 45
67 98
55 56
23 83
97 123
121 6
54 94
52 120
61 34
46 78
95 52
2 88
113 120
88 123
102 118
99 11
120 123
15 39
122 113
14 124
5 111
104 28
121 39
18 99
17 15
12 102
115 81
129 77
77 79
120 75
129 104
62 71
53 17
28 83
16 71
2 133
14 114
24 45
36 47
130 111
16 128
95 75
51 105
26 110
132 110
128 7
73 43
80 129
59 109
128 101
13 109
27 90
49 70
24 64
48 97
39 67
11 130
56 78
24 97
130 120
20 49
37 26
14 27
18 124
118 24
34 15
79 49
14 108
35 95
72 60
14 53
84 50
78 17
33 3
68 12
60 7
7 30
69 95
133 63
98 121
67 130
97 50
11 50
19 83
21 20
16 127
117 105
18 117
9 126
93 126
92 51
100 109
80 131
102 55
133 24
113 104
56 15
125 28
99 103
22 13
34 91
3 96
84 11
35 105
121 122
99 116
9 53
51 34
128 67
40 17
82 107
21 69
8 98
63 125
82 64
43 112
11 30
56 16
47 78
82 121
51 93
92 112
92 6
111 32
114 55
46 111
11 125
1 113
77 80
69 55
111 4
119 44
75 84
119 65
26 5
71 26
56 14
12 7
23 122
83 58
108 80
130 3
104 33
29 17
96 47
123 1
17 97
101 103
40 6
125 119
64 120
63 83
65 67
17 93
2 17
64 8
82 131
105 128
125 104
50 113
129 130
91 8
96 23
36 103
127 31
80 113
31 109
70 37
99 65
10 85
17 61
5 18
123 58
45 74
73 54
15 18
127 126
130 16
31 77
110 31
12 63
46 131
104 127
63 75
128 29
29 30
73 8
5 108
128 21
123 44
96 63
110 91
36 130
82 23
17 19
110 60
26 17
9 23
36 81
32 100
55 13
10 74
93 25
105 103
129 120
19 106
56 123
131 28
117 52
73 6
82 118
116 13
76 128
13 37
66 118
73 92
76 43
121 114
43 81
79 30
59 122
37 107
17 46
20 34
29 31
100 45
48 53
71 38
83 25
75 77
109 118
111 54
51 42
34 120
124 126
105 87
44 58
117 44
4 69
81 49
10 130
52 132
61 65
71 111
92 30
29 9
53 62
35 119
128 19
111 26
54 112
121 7
34 10
56 91
69 99
54 18
3 18
5 10
23 52
23 108
75 23
59 91
69 121
84 16
90 32
2 28
1 67
56 102
74 126
10 110
109 25
116 23
88 93
89 73
60 63
2 75
67 57
44 118
33 39
17 66
47 119
9 96
88 115
117 82
77 63
64 122
72 6
18 85
93 44
31 16
115 74
25 66
27 117
123 61
43 69
50 68
90 84
51 67
72 125
13 80
106 33
56 50
54 2
79 46
123 60
9 84
131 36
82 105
65 62
18 64
227 177
236 214
201 181
246 138
157 233
192 234
230 208
155 239
145 235
216 171
195 238
145 230
172 226
134 136
232 218
168 226
203 181
156 173
170 234
149 181
154 246
151 238
153 152
234 217
185 221
147 237
153 150
163 174
204 172
243 152
174 208
162 135
172 138
151 166
149 173
236 189
138 188
222 140
195 227
163 200
197 168
151 183
213 235
148 216
166 144
219 173
224 153
197 193
182 163
221 192
149 211
142 236
160 209
240 137
144 212
152 190
191 151
179 217
142 154
195 154
205 160
238 233
184 198
238 174
213 212
149 217
200 190
222 177
216 236
197 173
159 173
172 238
148 182
157 136
211 144
240 152
218 155
144 154
134 213
143 211
233 197
141 194
170 244
151 221
177 218
199 167
176 200
192 215
198 170
220 136
150 191
221 242
149 218
227 147
166 142
134 187
190 136
175 204
182 231
175 172
187 179
217 187
246 142
197 184
215 199
244 185
190 196
189 193
242 153
245 157
228 191
226 238
204 139
171 222
170 214
175 241
210 233
169 237
245 166
152 230
198 206
179 198
202 225
243 217
204 182
241 218
239 244
210 219
173 233
137 168
227 173
134 149
169 145
200 153
209 228
197 179
195 139
135 167
165 226
142 194
232 160
243 167
237 239
240 161
187 140
209 240
215 193
134 190
155 202
178 220
220 238
139 207
220 228
163 171
158 178
184 166
217 205
197 187
244 162
138 244
207 218
156 153
190 229
151 207
200 237
145 136
187 186
149 171
201 229
175 199
148 140
237 148
139 167
209 194
192 199
177 234
217 178
187 202
177 232
184 205
158 196
155 219
209 233
201 176
239 168
181 232
176 203
171 194
148 181
222 148
139 205
218 198
218 239
202 171
194 233
150 221
228 137
144 187
201 172
198 199
137 146
166 165
170 184
170 177
222 145
198 210
214 182
177 245
212 200
246 223
178 144
140 152
171 227
195 161
175 145
149 206
170 221
236 182
149 238
236 167
198 164
221 205
239 151
209 218
204 176
232 139
177 149
210 234
144 188
143 158
211 217
153 134
158 236
160 200
134 221
212 245
202 196
166 182
205 181
157 197
203 232
220 152
226 161
182 191
203 175
242 161
147 214
200 231
170 208
213 186
206 231
208 146
148 179
236 174
196 204
232 241
233 223
242 206
180 231
196 243
204 237
237 224
207 144
202 233
227 146
191 137
168 222
175 221
149 223
167 226
167 181
218 163
205 182
168 181
244 152
144 146
240 149
195 210
162 227
221 236
216 159
145 150
181 204
166 223
218 168
181 175
137 238
223 244
137 216
171 145
188 236
177 178
160 148
228 215
245 228
169 173
194 221
239 226
214 137
185 235
223 230
173 154
155 180
202 207
170 166
208 194
168 151
149 179
210 205
193 171
224 180
138 173
155 149
165 196
243 239
171 138
169 143
205 202
244 137
178 238
217 170
237 226
156 204
180 240
200 194
143 134
222 146
233 190
175 168
201 184
230 146
171 236
134 226
188 135
194 236
193 203
191 134
245 138
136 153
161 191
135 232
136 200
234 178
231 137
150 197
232 178
154 186
164 179
232 168
150 134
182 161
223 168
236 224
211 158
196 154
203 201
245 175
246 134
220 198
225 145
244 218
215 235
186 194
232 236
165 147
221 180
169 170
146 140
201 163
230 155
143 165
158 241
189 238
145 168
193 244
143 174
177 146
166 227
147 188
159 206
163 158
220 166
190 153
175 166
141 157
143 170
227 198
194 225
225 195
214 161
172 191
182 222
140 184
178 159
246 242
222 167
138 201
214 242
154 148
135 238
159 220
140 173
216 193
146 242
206 202
228 140
158 138
233 174
218 157
189 224
153 215
146 245
245 190
142 165
181 179
162 146
143 184
156 183
238 139
215 134
225 164
190 175
185 139
201 147
153 146
188 230
203 220
179 225
222 160
209 199
144 238
192 223
234 246
168 206
197 220
245 168
188 234
166 156
238 215
167 180
241 215
145 216
174 212
222 233
140 176
223 178
177 167
156 196
238 246
151 186
209 232
230 242
139 154
177 138
239 224
223 140
179 232
161 166
162 188
203 186
138 159
162 243
212 206
243 221
176 141
229 136
171 157
191 199
240 151
153 140
155 192
219 160
161 140
171 160
243 181
228 135
177 164
238 216
148 136
144 202
226 136
243 143
200 238
181 199
138 182
239 173
199 153
226 235
199 180
166 149
153 238
163 169
204 141
167 163
161 174
161 200
163 229
141 143
235 140
154 226
230 197
228 197
134 189
234 149
241 143
139 196
161 232
216 201
152 183
165 183
230 140
157 212
244 225
238 156
160 244
169 226
187 151
237 182
141 139
240 135
150 216
149 235
225 159
212 184
237 222
145 233
148 245
179 246
245 234
182 165
196 184
159 165
189 243
134 177
222 213
214 191
196 213
210 214
212 170
238 142
181 206
159 238
237 243
186 179
246 236
165 141
197 245
235 203
139 180
231 144
219 162
141 189
166 169
181 172
233 188
159 146
230 184
190 192
222 165
182 243
234 142
135 140
170 207
139 203
186 195
210 206
202 223
158 179
156 206
169 244
215 246
145 188
214 235
153 151
180 202
204 222
169 225
177 240
152 222
186 241
154 164
147 232
209 186
186 218
169 229
135 164
213 241
137 138
163 168
187 167
227 151
170 181
142 173
173 186
183 179
208 136
200 170
161 165
216 225
174 231
167 169
194 153
152 162
198 208
192 153
214 157
148 221
235 176
239 222
246 149
155 203
214 223
188 203
223 236
185 181
146 204
232 245
180 146
218 144
154 242
167 150
161 217
210 243
207 239
183 188
201 233
246 159
233 245
134 140
187 194
240 155
177 172
222 153
142 152
225 139
201 142
238 210
161 183
142 145
162 179
209 153
215 156
159 187
214 226
223 137
242 233
175 171
140 186
232 180
179 171
197 156
204 144
214 181
143 242
155 238
164 237
214 168
178 225
204 243
176 177
216 206
158 159
145 220
199 176
180 212
180 188
152 208
231 227
215 207
178 241
226 193
154 203
175 149
224 135
153 210
170 213
181 225
206 236
197 216
200 242
169 193
186 215
153 193
161 219
138 202
220 190
163 138
239 246
136 162
139 239
195 217
209 152
175 200
201 188
187 139
245 144
197 222
224 168
170 141
210 227
205 149
151 245
166 159
201 230
234 136
221 239
157 163
230 147
222 134
238 225
197 135
136 212
151 211
185 166
147 198
144 193
244 168
188 164
183 155
204 233
213 218
134 146
185 212
210 189
237 175
223 176
228 160
169 148
164 238
173 230
240 169
161 206
178 153
229 237
230 174
203 169
183 146
164 233
144 191
225 192
180 242
152 192
151 160
177 187
187 152
175 196
208 239
152 145
206 160
222 159
213 146
140 190
205 196
237 137
137 194
181 188
173 217
225 210
205 240
175 243
184 194
191 212
158 198
226 211
162 197
196 152
237 220
222 150
138 144
217 141
216 210
233 234
235 239
159 241
227 157
237 183
186 156
216 180
237 168
179 212
195 212
243 178
166 196
142 171
147 167
217 231
229 148
179 208
218 199
215 163
151 236
148 194
238 208
179 168
203 184
224 191
169 228
210 179
243 155
135 150
208 176
243 173
185 222
136 236
194 201
138 176
167 153
196 160
178 134
221 208
208 243
189 185
191 173
183 206
141 144
170 238
145 203
205 144
152 166
206 172
194 136
215 198
161 160
222 227
222 183
159 227
206 152
232 188
232 235
206 243
170 215
209 170
232 208
228 177
222 220
186 159
180 136
205 246
222 218
202 235
188 240
184 174
210 176
160 216
143 206
147 229
150 237
241 230
179 185
241 184
245 165
170 201
191 246
221 204
215 188
185 236
246 180
230 179
214 175
174 177
155 198
205 163
171 207
148 177
200 203
146 149
156 217
177 200
233 146
139 134
208 139
212 134
140 246
207 225
175 235
145 209
216 153
222 180
236 230
182 178
201 199
230 209
171 155
243 198
175 230
203 226
214 165
155 245
161 156
182 229
156 178
167 151
163 220
148 190
203 161
190 139
141 226
239 203
149 233
185 213
191 222
196 227
151 230
212 244
147 205
152 178
239 233
246 162
201 156
237 156
203 174
218 210
215 245
159 239
139 153
185 197
147 182
139 244
138 226
143 232
220 211
212 186
142 141
185 182
146 215
205 235
177 201
176 159
185 148
228 221
231 181
185 136
219 179
215 191
144 143
246 157
170 242
166 208
234 196
234 229
241 217
235 135
209 189
218 166
159 224
199 221
195 207
177 221
169 212
180 220
137 220
229 225
209 245
231 230
152 212
226 200
168 169
187 138
137 236
191 223
181 137
158 157
234 181
152 193
237 207
209 211
153 147
195 167
226 219
211 229
234 240
237 223
187 156
172 193
228 225
183 244
200 245
230 178
237 146
177 188
221 144
202 169
236 196
150 202
199 190
194 213
137 234
230 157
136 222
209 225
242 207
237 144
211 195
234 135
147 183
195 235
213 214
183 162
225 232
149 227
218 160
167 192
158 190
201 139
189 205
207 191
224 156
246 184
156 145
238 168
158 237
241 228
208 234
228 139
188 193
218 195
204 167
169 238
196 210
177 214
211 205
169 138
228 219
141 180
236 209
229 142
173 144
233 244
195 224
199 236
167 193
139 236
165 136
168 174
150 217
196 163
173 212
231 145
195 162
196 218
138 152
239 190
142 175
204 192
218 153
217 144
240 136
236 201
243 190
186 190
243 232
135 185
204 246
157 194
159 202
185 146
193 199
236 157
159 162
137 158
146 192
197 224
137 163
155 206
213 139
184 168
219 240
153 213
225 152
236 243
163 242
211 182
180 154
217 246
224 220
225 190
193 134
177 157
229 227
207 163
151 198
344 313
386 308
329 272
301 353
366 248
292 266
390 267
378 343
358 260
304 350
321 381
249 365
267 285
384 381
393 288
389 263
335 336
253 337
300 383
274 315
323 263
295 299
255 264
314 374
328 290
346 391
341 264
257 285
369 333
301 315
356 335
274 339
345 317
264 274
260 328
378 249
258 321
252 278
275 267
333 380
365 340
260 309
338 333
266 386
378 359
338 328
350 389
382 303
281 391
327 367
332 387
271 280
350 341
256 270
277 255
380 375
388 366
317 330
248 380
385 275
379 366
335 271
247 329
248 265
369 312
265 332
365 287
369 353
382 360
381 372
385 335
392 267
261 271
283 260
252 344
318 285
359 326
320 345
255 342
284 347
345 359
322 298
393 328
304 324
251 345
266 329
314 324
349 376
251 324
315 338
389 299
275 298
362 393
250 349
277 249
359 391
376 364
283 250
348 350
276 271
377 249
355 334
386 260
356 272
252 313
380 276
376 340
327 357
281 303
274 294
304 370
314 295
340 317
307 267
258 374
290 357
257 265
371 287
275 386
261 299
347 292
384 277
319 295
388 384
351 383
311 269
269 325
371 278
365 285
302 352
326 382
259 320
370 264
389 374
260 315
292 268
274 376
370 306
391 368
248 275
386 291
336 255
301 285
331 280
266 299
288 296
271 248
365 259
272 360
255 352
351 264
360 284
389 264
294 375
348 359
334 348
288 311
340 352
301 345
385 379
316 365
307 282
311 291
252 346
261 365
265 315
391 371
318 261
322 264
282 269
384 318
356 279
372 285
263 314
353 376
366 274
387 321
314 371
370 322
353 292
369 349
336 308
260 288
324 248
346 374
330 328
279 329
271 348
354 316
347 268
261 341
279 389
289 389
323 301
319 358
300 370
316 322
375 267
373 280
334 359
347 252
276 341
294 316
369 393
269 248
284 335
361 342
324 312
304 355
321 292
370 366
319 250
250 377
299 388
365 310
336 338
345 379
307 316
335 390
321 261
282 259
314 378
278 292
292 342
339 348
317 308
272 333
359 303
352 384
297 344
248 339
271 318
393 359
303 332
356 322
304 371
287 336
323 319
361 276
281 360
348 270
268 343
349 366
356 390
309 333
339 334
315 302
324 370
261 324
364 388
356 336
285 327
364 307
358 365
292 323
267 380
359 261
330 327
289 347
388 292
271 387
270 351
373 287
269 381
277 357
294 303
349 272
286 300
363 298
356 367
268 375
378 288
309 267
323 297
326 321
251 260
260 329
290 289
385 337
274 341
356 254
380 327
311 282
350 252
387 312
346 319
270 345
278 332
332 323
319 260
389 297
271 353
288 317
332 311
344 281
267 258
353 281
362 281
315 342
300 380
374 377
266 387
291 389
268 252
291 248
266 369
292 253
352 288
341 250
297 253
295 288
256 354
259 290
328 351
367 276
392 264
352 370
327 250
265 254
275 382
278 300
351 305
352 335
391 307
315 356
390 371
392 368
343 353
363 284
389 376
264 281
337 325
358 316
393 346
382 284
276 286
344 324
255 334
275 320
382 257
354 280
387 300
312 347
316 393
345 287
267 256
259 391
262 287
346 337
269 317
336 247
312 313
247 291
288 283
379 327
278 314
348 267
350 361
363 332
330 358
342 382
358 293
323 290
348 365
338 275
354 254
264 286
360 266
382 362
377 333
279 369
298 312
261 349
297 330
258 277
389 343
375 308
367 344
316 363
347 362
277 328
365 331
285 256
270 349
261 309
307 311
337 391
293 393
271 330
387 273
285 333
350 280
301 334
296 343
308 330
339 262
311 270
363 307
371 366
295 382
375 270
351 279
296 337
254 369
277 318
333 306
344 304
260 314
329 275
297 294
307 320
257 254
257 325
334 349
256 317
280 370
381 250
324 334
298 279
284 265
308 322
287 292
262 294
306 328
339 382
285 317
311 314
377 340
381 271
267 282
333 248
393 390
387 263
374 290
366 308
256 271
263 358
267 322
349 387
283 316
384 253
347 300
294 267
354 357
315 352
379 377
344 359
387 274
265 368
330 381
330 263
249 294
260 339
358 383
270 355
372 353
302 334
344 330
351 320
288 366
262 352
331 322
343 329
367 267
249 276
354 277
347 355
360 388
312 315
295 266
317 373
357 254
277 269
294 378
380 266
280 376
323 387
351 272
351 389
252 273
288 285
255 385
270 321
392 322
356 341
372 385
329 376
355 385
389 330
334 298
272 263
347 324
356 330
359 385
350 277
324 290
345 327
375 393
319 330
266 283
380 363
392 336
352 325
320 391
256 331
309 386
269 344
330 276
248 385
294 343
327 310
353 257
254 259
274 275
304 367
265 269
362 350
292 284
350 265
390 320
253 353
321 376
256 280
268 349
305 372
281 387
271 306
347 288
355 281
258 294
356 269
318 309
311 252
393 275
279 301
283 369
274 308
333 375
349 329
254 320
254 267
374 302
280 334
331 386
380 382
355 308
392 391
342 390
315 393
344 385
385 308
296 258
351 336
333 315
350 391
255 377
391 330
253 303
330 294
301 320
321 359
374 256
352 388
351 255
288 254
273 290
383 309
327 271
347 303
376 254
260 293
293 384
267 361
367 342
386 341
317 284
329 295
338 382
367 331
323 291
393 330
283 319
297 259
327 254
270 257
393 264
377 312
296 376
346 369
370 248
254 277
293 388
293 335
297 285
261 390
319 269
379 290
356 391
389 368
270 376
261 307
263 302
253 342
282 318
322 372
272 265
364 289
277 298
387 328
311 254
274 267
357 375
297 321
269 375
307 333
260 338
369 271
381 378
316 252
296 297
307 317
352 332
307 290
283 280
360 293
297 299
274 370
248 368
384 295
339 321
288 310
291 277
337 304
347 325
291 278
310 300
371 384
368 325
312 263
389 339
287 332
368 309
384 274
302 250
358 310
378 286
285 362
286 281
336 358
339 291
367 339
318 386
355 362
373 286
378 375
363 337
360 334
383 340
325 348
312 379
378 305
350 385
377 356
260 277
250 352
378 278
376 314
322 252
314 284
377 334
322 362
258 292
341 292
274 380
305 329
323 311
315 357
363 282
251 379
327 351
304 382
368 280
360 253
364 351
301 294
320 288
317 299
328 286
342 303
269 312
279 376
317 265
373 341
345 311
382 355
319 390
374 334
247 368
328 317
337 377
262 366
356 262
288 315
355 255
261 284
376 252
278 333
386 382
350 300
323 315
305 251
348 352
297 312
296 384
284 286
254 353
266 249
329 313
335 282
335 387
369 355
354 312
284 329
364 360
320 280
344 337
285 310
280 341
253 361
381 337
256 269
361 319
379 279
249 281
357 341
312 388
344 300
387 347
382 288
384 344
384 376
326 385
281 317
390 288
350 338
329 390
308 354
377 370
257 264
380 352
280 316
354 260
388 385
392 352
308 249
260 331
261 285
343 331
335 377
370 327
378 262
284 371
356 319
386 316
367 322
258 319
277 264
332 247
316 388
342 354
263 341
264 367
295 310
332 296
334 379
313 372
300 375
300 376
270 254
358 369
341 344
278 294
393 344
294 271
374 371
256 303
354 353
379 337
302 286
379 271
342 278
321 279
388 313
291 250
368 354
279 314
323 316
281 296
253 381
322 294
375 263
328 363
316 268
363 390
262 309
340 303
331 340
323 330
252 378
250 389
367 314
320 268
369 323
276 392
275 296
380 254
357 322
278 250
385 284
259 280
371 255
271 333
375 305
255 289
359 316
336 261
291 364
281 247
369 299
253 314
369 360
338 296
326 337
269 315
320 321
345 285
253 382
351 344
270 274
251 295
320 379
304 317
346 268
386 286
371 320
378 309
390 362
369 307
364 383
383 260
356 266
306 390
292 281
345 391
393 303
348 355
261 304
336 264
310 262
309 270
286 268
299 260
293 341
360 328
327 296
308 349
297 332
336 359
291 260
265 256
335 353
374 294
247 380
339 295
387 310
312 301
256 312
333 308
346 297
326 285
387 275
275 251
379 284
313 326
316 324
392 257
385 358
328 305
260 250
375 356
388 332
271 393
287 257
361 340
323 307
253 367
269 295
322 355
314 382
266 255
304 262
359 356
265 247
296 330
281 258
250 335
354 252
271 263
368 269
372 368
317 282
354 258
363 292
290 384
314 283
339 252
252 249
290 348
368 357
278 293
377 329
305 297
249 386
263 291
301 327
388 260
282 352
314 306
331 323
379 378
269 331
377 349
326 381
250 323
314 326
263 345
312 286
342 385
262 280
277 390
283 383
351 349
318 359
343 311
272 297
303 283
363 346
319 273
357 296
274 304
344 280
317 321
264 360
270 368
324 322
278 298
355 286
347 287
289 383
248 356
293 297
345 333
388 326
380 379
374 351
261 345
272 344
308 351
255 265
280 257
361 292
367 365
336 348
388 387
367 300
314 272
286 321
341 376
271 289
331 270
332 370
368 284
322 275
283 268
281 380
281 376
369 264
392 328
286 372
256 281
342 289
250 337
295 350
375 379
261 374
257 255
340 379
247 376
362 278
324 300
311 275
297 360
373 298
248 261
286 265
274 378
267 281
364 257
278 253
273 276
390 250
279 286
353 352
299 307
391 266
283 313
387 313
372 279
251 302
383 248
273 301
314 337
325 382
295 379
296 378
258 369
252 281
287 289
337 375
353 276
393 348
380 302
277 247
308 304
288 370
358 304
325 296
302 358
286 324
260 270
325 288
384 283
307 381
299 270
309 310
375 293
340 296
317 342
355 332
305 339
345 298
319 284
325 354
257 303
371 249
321 289
297 316
365 247
350 266
390 295
258 315
313 249
324 257
262 276
357 273
315 370
393 356
301 282
280 385
292 306
372 252
357 294
316 251
279 277
283 279
259 377
376 355
345 278
390 381
324 296
256 341
268 323
313 287
382 292
286 376
248 392
283 340
329 372
269 258
309 293
353 304
259 375
390 358
317 301
355 372
271 312
329 347
316 343
319 371
282 376
270 385
326 320
381 346
376 291
356 271
249 336
391 363
265 281
252 338
328 262
257 317
330 247
323 318
370 295
391 263
285 388
359 354
333 303
308 258
313 328
350 346
280 272
301 295
386 252
326 251
326 250
381 311
340 367
303 390
277 359
282 314
388 348
362 249
335 298
343 390
367 269
378 264
268 368
269 308
304 365
275 378
383 385
260 324
350 384
264 384
259 300
287 275
343 351
271 363
253 369
387 289
316 340
331 312
357 312
338 281
274 350
300 305
308 332
344 376
284 388
304 377
373 318
248 251
342 326
384 254
347 389
308 254
268 315
329 344
374 330
263 284
347 279
349 271
363 357
287 388
351 300
261 291
349 253
384 279
275 280
323 341
300 374
311 296
373 356
354 302
357 291
362 250
383 295
344 327
303 334
339 307
252 381
338 363
281 329
392 361
313 334
347 257
258 249
382 363
354 389
295 311
350 359
378 320
325 332
303 304
380 301
334 295
285 324
345 268
338 257
271 325
372 309
362 344
369 293
376 259
304 393
373 337
336 386
377 366
308 292
317 254
320 370
269 252
335 297
288 330
332 263
249 312
336 364
297 336
342 273
313 248
309 317
311 363
373 250
260 384
307 329
374 387
302 262
374 338
254 359
273 255
314 361
298 339
352 247
382 278
291 296
367 353
365 269
356 372
327 361
309 291
350 342
255 341
279 325
369 374
337 338
307 330
268 272
275 340
384 357
382 307
334 289
263 250
365 281
280 284
341 299
390 265
273 343
289 281
365 257
305 388
391 389
261 323
270 318
290 390
314 370
297 264
321 340
373 353
391 349
382 376
342 347
330 378
317 383
365 278
316 277
252 256
298 369
272 325
372 341
365 345
386 293
321 312
365 333
316 296
272 278
344 295
282 297
277 348
358 377
370 354
376 273
274 346
359 293
282 387
313 381
359 389
250 289
361 311
313 323
285 254
279 362
336 391
365 391
284 323
307 380
288 337
355 271
259 305
361 291
348 288
327 375
254 301
321 252
377 274
364 344
278 356
354 364
375 257
384 268
323 327
319 373
290 315
324 268
371 259
284 282
372 290
268 361
367 345
278 320
304 307
363 287
254 292
382 335
328 355
353 268
340 374
284 346
258 248
357 321
335 254
356 374
384 347
378 250
287 366
261 346
361 354
345 347
282 271
261 378
388 291
387 303
377 298
357 282
248 282
319 299
333 313
267 271
330 306
278 340
305 379
252 380
390 332
341 326
358 389
293 261
271 275
311 339
344 282
299 305
268 359
320 305
318 362
263 276
313 354
331 325
272 367
299 313
374 260
308 270
315 275
380 334
339 318
333 361
392 327
384 314
272 249
341 273
268 280
346 384
268 264
325 328
361 357
324 355
296 372
382 286
281 371
297 343
369 267
347 344
266 277
299 293
283 333
359 325
266 345
284 288
370 307
278 269
298 323
387 378
323 356
366 329
346 303
326 255
309 250
346 263
378 266
391 293
355 313
287 362
269 301
325 300
253 268
270 305
323 355
292 362
339 276
284 301
366 283
268 335
324 279
285 323
280 308
282 377
366 378
391 332
308 350
340 366
281 293
272 291
355 300
338 254
303 362
387 276
247 311
324 368
302 379
340 389
350 306
323 273
331 370
311 371
388 294
354 355
361 282
311 350
358 247
378 283
284 315
322 256
324 366
360 314
343 356
323 329
255 339
369 281
292 271
305 330
341 296
382 381
281 386
360 373
389 371
374 326
254 269
330 293
262 390
385 262
322 349
321 382
259 357
345 356
310 331
350 251
348 347
339 327
323 277
367 308
267 284
259 264
377 357
278 285
384 285
257 390
258 304
388 296
250 333
313 342
285 385
381 270
323 363
339 279
290 341
249 307
379 328
288 340
325 277
326 312
352 373
294 381
294 295
292 349
254 349
253 280
275 332
354 352
255 267
299 294
380 345
365 317
304 320
301 311
283 347
276 344
306 303
335 287
259 252
392 353
322 347
376 324
252 272
367 341
276 391
270 276
356 290
265 320
254 340
249 250
268 390
367 315
363 368
386 339
312 310
274 254
376 301
377 328
276 301
325 301
249 344
249 317
335 247
301 362
303 312
349 382
313 275
384 386
281 342
365 330
299 324
330 362
272 384
328 390
249 292
334 249
275 324
344 284
361 359
304 254
262 326
352 316
275 356
284 364
253 373
384 310
320 263
314 266
393 252
251 293
359 376
319 312
337 267
329 359
365 322
359 358
255 381
321 260
372 390
346 376
361 300
352 364
340 272
386 323
377 284
316 321
274 373
258 392
369 274
337 285
372 283
320 255
382 302
284 321
288 328
374 288
259 291
357 336
374 308
312 248
253 251
329 351
248 308
296 303
323 253
390 326
304 368
353 282
346 343
261 343
331 277
264 292
322 339
373 260
342 356
329 276
360 274
344 371
266 309
338 318
277 259
382 329
336 311
382 364
369 344
258 330
351 271
385 381
295 264
327 376
371 382
317 295
346 276
285 346
252 360
320 317
360 256
320 248
354 311
362 270
336 278
353 389
332 267
277 392
275 388
282 313
317 335
298 381
289 322
309 347
322 284
298 276
263 285
367 278
272 370
286 313
346 270
361 386
343 251
388 280
375 363
318 319
255 378
342 333
281 283
288 300
349 299
318 306
289 299
252 383
284 353
314 345
348 254
289 265
384 359
374 355
267 250
357 319
251 370
294 319
361 273
253 335
365 296
255 369
261 377
278 309
272 334
374 372
281 276
291 286
247 342
383 276
381 314
295 272
364 312
254 383
350 355
364 313
383 285
293 346
377 376
342 263
268 331
342 277
310 353
298 252
310 306
352 286
382 301
356 320
318 305
361 370
345 326
287 304
290 269
320 357
269 362
362 251
275 270
331 258
321 266
304 322
294 380
281 327
364 278
269 283
360 367
303 360
359 351
392 380
264 289
338 308
425 420
407 453
425 419
439 443
447 425
437 421
444 419
441 427
408 418
437 457
440 458
425 421
422 413
459 398
431 395
429 432
420 426
459 402
435 419
438 451
406 424
415 420
455 441
414 408
400 442
395 397
420 454
398 427
441 429
407 449
446 429
423 433
397 420
398 447
395 405
456 394
396 414
402 457
445 438
432 405
401 405
434 431
449 438
421 420
454 440
431 428
415 423
452 455
399 438
455 418
427 394
431 437
450 454
413 443
448 458
396 416
410 436
444 413
434 399
413 418
449 431
415 418
411 421
427 432
405 444
400 434
414 432
443 451
430 430
435 401
448 421
458 436
456 405
407 432
406 426
405 421
424 434
404 432
458 443
396 403
437 446
445 430
455 395
397 418
399 455
443 410
411 412
452 451
399 413
395 442
395 421
402 448
395 403
400 456
418 417
399 424
400 401
438 396
394 433
422 417
413 429
401 459
412 436
413 400
424 397
459 455
435 429
398 455
436 433
452 445
403 439
435 455
451 408
415 398
437 410
412 458
411 438
441 428
453 403
422 423
442 413
456 412
440 448
433 409
418 449
419 405
449 397
454 456
422 444
454 427
442 427
443 420
428 437
422 402
423 451
436 453
448 437
436 407
403 426
427 446
431 443
440 436
452 423
445 395
399 397
442 410
404 455
435 451
452 418
454 434
430 415
400 405
447 452
455 421
417 406
441 448
405 427
404 421
402 437
449 456
426 413
443 435
426 450
440 459
441 443
417 449
417 450
402 434
436 404
432 456
395 446
452 424
419 432
413 449
416 447
425 424
457 427
399 420
454 458
454 433
442 429
422 439
459 420
446 400
436 429
457 407
439 420
403 434
422 405
431 448
458 430
420 448
420 422
455 430
408 444
407 399
401 419
457 423
416 402
438 421
418 403
423 394
442 422
449 425
443 455
432 426
438 429
403 441
398 441
399 419
429 403
421 414
448 399
430 409
416 415
450 411
403 454
396 451
396 455
417 458
413 453
425 428
446 447
406 434
424 458
430 442
453 420
402 405
439 401
454 412
455 406
442 412
436 423
434 441
401 442
453 449
396 426
399 453
416 455
406 411
416 421
425 412
401 441
395 440
394 408
448 430
453 439
416 448
421 408
420 450
425 438
437 412
396 434
418 457
406 403
451 442
396 427
457 422
399 415
455 415
414 394
443 408
452 407
440 401
435 407
419 421
447 449
450 410
403 415
453 395
444 403
407 417
432 401
435 434
420 435
435 412
396 409
407 415
446 430
398 419
412 426
430 421
409 452
445 423
450 438
443 432
416 394
442 421
423 416
407 446
444 430
428 429
437 416
394 410
431 445
424 457
425 411
433 406
436 442
394 400
418 436
435 413
396 432
443 399
437 447
411 426
416 443
397 430
439 412
436 443
458 405
457 428
399 436
409 423
403 401
410 423
416 403
459 394
427 434
403 411
408 439
441 394
413 396
444 426
408 447
458 459
442 407
398 407
418 439
400 443
404 441
419 411
449 410
421 402
404 430
408 454
430 414
445 451
394 402
413 421
403 408
450 423
413 403
422 403
458 438
395 404
428 455
446 401
446 416
441 458
416 436
436 405
451 413
421 415
411 407
449 399
440 417
422 418
457 441
432 454
399 416
418 402
456 438
406 394
408 402
456 411
456 401
452 446
400 457
455 425
451 433
400 427
404 425
402 428
423 401
409 435
412 394
416 414
440 457
489 474
486 489
488 489
515 486
485 488
474 510
513 489
481 514
466 505
495 464
497 513
504 504
517 502
499 484
523 470
482 482
501 473
518 483
519 521
505 471
513 518
482 512
500 517
484 506
488 484
497 502
486 495
495 491
489 502
471 523
474 517
512 495
483 521
509 466
488 481
523 466
503 467
500 481
489 473
461 472
467 490
523 520
517 469
514 494
505 483
473 468
500 482
460 489
497 493
464 506
514 477
480 476
492 479
513 499
466 467
490 508
493 470
471 479
465 472
462 485
473 481
504 508
478 488
509 465
485 481
508 486
509 500
490 488
473 520
505 512
519 476
503 507
484 480
506 511
487 507
505 514
498 493
485 469
507 474
470 479
473 472
480 499
522 523
512 473
501 492
470 478
471 482
476 517
515 522
500 463
487 472
497 465
514 512
506 461
515 506
472 508
492 505
500 511
511 485
491 476
498 500
522 509
478 462
489 490
485 502
517 466
522 479
501 519
505 498
491 463
520 507
494 465
518 497
503 462
490 493
460 479
466 514
460 485
506 496
476 474
517 514
503 496
492 496
516 478
470 461
477 467
498 480
500 519
485 466
475 497
460 463
505 523
495 498
511 468
487 462
460 495
514 483
476 483
521 507
483 484
485 472
491 479
470 504
484 500
504 482
477 513
480 475
469 489
498 490
511 491
499 498
500 512
516 490
505 465
471 513
508 498
478 477
501 496
523 512
519 466
503 522
518 474
460 483
490 522
469 500
512 461
514 519
492 461
461 507
485 501
511 487
506 470
473 494
505 477
521 505
480 504
507 502
479 514
469 462
462 481
480 522
505 486
471 467
522 495
515 511
468 496
519 460
503 477
521 503
501 502
491 488
475 485
493 491
508 477
461 509
464 504
496 522
486 509
463 497
501 517
505 511
510 517
460 501
517 486
496 495
483 512
478 507
503 508
477 475
488 486
500 491
504 518
500 513
520 461
489 461
493 492
504 507
477 502
510 504
468 514
498 479
488 477
512 475
482 481
464 514
482 501
520 503
475 507
465 473
509 497
488 502
485 480
471 464
488 523
469 522
462 522
510 468
507 501
486 514
480 491
461 474
521 477
478 489
491 466
489 471
516 482
462 495
479 506
496 483
470 503
461 480
499 522
497 520
462 479
502 481
504 496
523 498
504 498
487 468
489 484
499 495
520 521
501 462
510 520
470 485
513 463
477 465
470 511
494 489
474 479
495 470
481 498
481 491
491 518
474 463
467 495
495 490
473 470
475 515
512 468
483 516
489 481
520 472
489 462
517 507
497 480
523 506
513 492
478 460
501 469
483 477
517 498
515 498
506 499
516 485
498 470
469 486
484 519
505 508
466 520
511 467
461 477
472 476
487 492
493 488
499 470
463 482
466 470
495 508
469 512
479 497
462 486
472 464
469 468
469 487
507 518
489 500
498 520
506 481
467 491
463 473
468 523
472 507
494 500
480 478
515 490
515 489
488 498
508 511
468 507
508 460
492 484
506 473
506 516
492 464
475 479
475 466
501 472
482 508
495 511
472 521
464 521
509 488
486 516
498 467
487 508
509 523
466 473
468 515
485 489
488 512
500 487
507 497
467 486
470 519
522 476
493 483
474 465
502 494
473 484
474 516
587 596
589 577
563 569
590 543
573 551
527 526
600 583
555 567
540 540
547 530
576 589
557 536
538 569
594 527
529 585
538 566
554 558
571 598
532 604
525 571
533 559
538 588
580 530
530 546
556 547
538 587
534 565
593 550
541 527
562 549
566 549
578 529
550 540
552 562
604 582
550 554
602 578
527 540
555 530
573 594
555 572
573 528
573 603
601 580
559 553
539 592
533 544
545 571
543 574
538 531
567 527
531 527
534 588
534 536
543 537
560 556
557 546
595 558
534 568
538 558
530 552
567 565
581 566
524 588
555 546
600 537
553 576
540 573
578 583
556 563
546 541
589 548
566 554
531 591
554 551
556 525
558 578
565 571
565 562
524 604
557 525
595 588
568 592
559 557
574 596
565 560
553 589
598 590
532 526
589 534
534 563
549 533
551 555
546 569
601 560
573 601
594 596
592 536
583 599
530 527
567 529
543 546
552 572
582 546
548 536
533 580
555 561
587 572
573 535
576 604
542 561
544 577
582 544
531 561
575 550
559 580
549 586
567 560
565 550
571 555
559 535
595 554
531 565
598 564
592 591
584 526
590 542
564 572
596 560
585 533
525 603
568 556
579 583
597 530
584 603
579 599
584 598
596 551
599 591
573 587
544 595
556 599
533 545
557 578
552 585
595 605
588 546
605 562
527 525
548 562
542 584
555 603
589 586
568 567
575 543
539 557
586 557
550 585
549 597
591 588
545 580
554 576
591 545
590 600
553 541
588 561
559 594
535 581
530 574
597 563
591 526
598 575
588 592
566 540
553 560
531 525
560 536
546 565
572 532
581 596
588 528
585 541
553 599
588 580
586 570
598 565
571 561
582 591
559 572
538 535
568 555
575 573
598 578
542 524
545 567
568 583
525 584
592 546
538 543
545 593
538 595
593 576
563 535
549 545
587 525
536 576
591 534
605 583
605 542
532 530
570 559
602 541
568 547
538 578
592 586
561 525
552 587
601 525
547 572
549 598
592 603
598 562
601 566
534 561
564 549
576 528
581 528
554 575
592 600
575 570
577 539
534 582
595 575
570 589
593 542
605 559
597 570
565 591
530 556
545 555
587 546
598 591
594 571
555 569
548 540
567 574
573 538
571 529
529 541
575 600
540 541
605 590
531 545
542 586
567 582
538 556
595 526
554 584
581 575
534 548
596 588
595 591
537 557
545 524
545 597
586 596
605 545
539 594
545 552
562 593
594 535
564 594
563 578
583 589
527 581
544 556
568 562
539 598
571 551
597 553
537 561
591 572
546 581
580 549
529 589
576 524
525 559
525 600
562 526
537 535
541 581
544 566
599 558
570 528
532 593
594 536
547 542
543 541
543 577
528 555
526 603
547 595
589 603
575 525
559 604
528 592
531 548
532 582
569 579
596 579
562 601
561 526
538 585
592 587
560 586
553 596
548 570
567 577
598 567
566 575
551 533
561 575
589 550
544 526
527 593
598 559
590 545
601 553
593 599
542 531
539 599
553 581
592 524
541 562
543 589
560 572
537 550
524 550
537 533
574 559
564 541
537 528
555 601
559 542
601 561
554 585
531 579
594 605
571 578
558 525
581 542
567 604
568 530
578 565
598 528
528 524
600 541
545 601
570 578
589 595
586 595
604 545
551 592
594 528
526 550
584 575
541 597
527 577
551 568
535 568
591 578
526 547
595 584
529 557
567 541
529 599
526 579
587 579
543 553
557 538
540 549
533 531
554 587
581 556
600 558
569 565
536 530
588 553
580 550
555 574
597 586
579 546
543 557
562 542
543 584
545 551
559 536
597 581
531 584
540 568
536 525
525 595
539 553
576 565
577 563
571 572
579 593
541 587
528 548
567 532
530 565
588 564
576 584
602 559
548 533
524 584
601 590
575 578
546 524
524 554
546 531
563 592
599 528
588 579
565 573
528 565
562 531
526 589
584 597
526 555
548 573
567 586
562 538
572 573
546 540
548 601
551 575
567 526
596 543
557 589
536 526
551 541
594 590
573 545
532 602
577 562
599 590
591 581
575 539
596 597
525 586
538 600
586 566
527 535
597 576
541 574
599 546
590 547
572 538
576 555
561 594
579 544
532 557
599 588
555 566
531 537
529 524
602 556
564 547
558 568
573 585
541 604
589 605
535 603
541 530
594 598
594 526
586 588
540 525
524 585
525 580
596 561
592 561
593 588
575 563
555 583
587 548
573 553
575 548
603 583
564 600
593 603
556 551
574 563
531 594
587 597
567 557
579 602
528 563
539 538
602 600
550 525
588 544
530 572
587 603
579 566
533 563
565 553
540 599
561 587
576 538
555 556
542 596
566 537
575 604
565 603
568 574
531 526
557 571
598 543
560 539
572 604
546 591
601 571
555 594
525 528
602 585
602 592
565 549
573 532
576 525
546 603
551 581
571 559
587 542
581 544
597 580
545 542
599 541
541 580
547 567
531 583
565 604
601 575
530 575
710 706
673 649
676 631
634 676
703 620
653 644
648 678
635 683
681 640
610 647
636 674
651 651
708 714
702 664
652 661
681 655
620 609
628 705
695 651
642 651
698 640
661 671
687 657
677 671
671 613
618 639
703 692
695 670
657 713
607 682
614 610
624 624
675 711
666 626
628 618
648 690
666 697
688 642
694 657
689 703
696 629
621 701
644 617
714 695
636 685
654 611
626 679
636 660
610 645
713 680
607 711
626 660
635 613
662 662
615 707
608 660
675 615
617 697
622 632
709 694
618 688
638 627
646 704
689 686
654 677
606 641
665 645
686 679
678 705
632 625
697 653
661 628
609 627
666 616
660 629
674 678
633 628
693 649
713 699
658 668
665 622
638 668
630 713
643 626
651 645
636 645
683 614
613 647
684 658
611 648
655 628
695 629
674 662
624 693
678 606
657 680
697 679
680 611
698 631
672 608
626 625
634 681
697 661
669 712
649 707
658 694
618 616
634 671
688 710
626 681
650 679
607 691
687 615
630 704
710 616
655 699
621 679
711 608
652 701
632 678
629 663
664 641
700 695
656 693
632 664
622 679
699 644
648 669
699 653
606 636
693 658
690 674
626 682
619 693
607 672
678 694
681 624
634 648
652 635
637 712
643 697
681 635
672 707
632 624
703 700
654 621
713 693
710 645
688 671
658 679
622 707
711 705
664 611
609 701
625 703
620 692
683 661
655 687
667 695
651 626
645 678
696 691
692 616
686 696
700 628
714 629
699 664
688 639
683 648
629 661
644 705
693 630
607 647
626 704
697 703
676 622
642 616
623 705
662 619
642 698
644 664
712 624
650 708
640 625
609 697
698 647
652 619
653 675
636 638
624 689
679 641
679 668
630 652
683 665
634 693
655 612
693 700
659 705
701 687
696 668
610 682
700 696
690 667
679 663
706 620
633 631
687 663
653 629
687 614
630 696
659 692
690 676
672 675
616 667
693 648
630 692
645 615
688 681
668 712
612 643
700 685
625 662
663 654
652 664
626 647
652 609
703 627
628 693
645 705
647 639
675 664
705 690
639 611
651 683
701 648
657 697
679 631
657 618
708 640
702 635
627 671
642 678
607 617
629 651
695 699
699 622
639 629
712 621
614 675
614 627
652 617
640 635
609 703
656 714
625 623
626 610
654 695
697 620
661 712
681 652
692 657
622 627
614 702
617 692
676 654
711 621
662 695
626 702
625 687
612 659
629 621
634 644
658 656
640 613
664 659
704 660
671 638
634 698
660 618
632 691
712 633
676 691
663 616
691 615
625 678
632 607
643 631
711 692
709 706
677 712
642 630
614 678
661 682
696 659
657 609
666 705
633 638
695 671
608 652
708 675
660 690
661 690
675 687
646 635
709 653
616 612
613 687
629 643
620 611
700 686
680 661
670 678
613 658
686 659
704 607
711 639
626 672
679 628
697 677
647 661
637 646
709 613
684 692
705 616
631 658
684 664
614 636
684 610
662 661
657 610
632 713
680 709
645 619
685 695
683 629
637 619
687 645
630 671
606 631
671 620
616 615
714 609
676 607
644 646
624 644
686 683
665 699
667 693
680 614
631 696
649 689
664 606
615 614
608 705
625 696
662 704
646 666
631 637
657 635
706 606
648 641
674 711
635 712
666 613
610 654
683 656
638 634
650 617
623 669
687 704
614 666
650 691
625 699
663 651
648 650
701 674
673 690
699 678
647 673
688 627
638 618
655 711
685 651
659 683
619 681
615 644
624 708
618 694
641 713
708 692
681 678
701 618
628 694
668 616
674 696
635 709
629 642
661 708
699 629
636 694
652 687
689 688
638 609
639 672
707 678
693 611
648 623
616 678
648 612
632 628
627 631
665 678
647 711
609 634
646 653
635 610
672 702
610 714
701 615
615 622
616 607
655 623
611 621
667 662
626 668
671 659
634 694
619 689
607 674
638 647
692 658
669 698
696 657
713 606
656 706
629 675
704 707
682 675
695 632
702 684
688 651
698 701
642 676
692 645
670 703
623 710
682 713
633 620
648 624
642 675
630 639
694 624
682 664
657 676
681 699
675 699
643 641
707 641
695 696
669 638
659 628
709 691
662 668
639 689
669 671
608 698
680 714
707 702
627 625
710 684
630 679
709 713
641 610
651 608
665 659
644 663
692 693
656 628
645 634
686 693
699 670
703 695
606 610
678 650
704 679
706 641
629 702
701 654
709 696
607 638
678 657
631 661
697 635
670 614
696 671
619 680
680 677
645 672
692 673
609 685
679 670
668 623
614 653
612 627
682 702
623 661
665 644
650 709
631 693
714 678
641 653
680 672
660 641
627 695
649 634
611 671
631 709
700 660
642 614
640 714
613 695
707 712
663 695
635 656
680 708
675 691
653 684
703 651
692 654
635 701
666 631
623 641
683 712
685 618
685 674
635 672
630 709
699 627
665 672
692 680
612 663
655 636
647 616
664 687
690 646
608 657
669 707
688 712
613 694
635 695
648 706
608 639
703 618
626 611
656 623
690 641
690 638
633 662
690 652
635 674
684 698
702 613
626 650
623 686
696 682
690 688
701 644
614 689
681 696
646 660
658 695
699 643
665 618
671 689
643 686
714 646
708 632
615 700
706 680
623 654
608 664
620 705
621 612
647 643
703 624
639 614
703 636
647 694
688 634
669 664
680 632
661 709
693 659
680 652
680 698
700 666
700 707
712 632
643 615
657 628
674 611
673 705
684 685
686 703
640 701
627 634
632 700
692 633
663 704
632 688
687 660
690 607
698 646
668 688
634 679
711 623
674 699
650 710
674 659
683 710
683 642
608 714
649 612
665 608
617 624
656 696
663 690
672 695
709 677
628 619
663 709
672 664
710 682
628 649
649 650
635 680
647 676
611 708
640 703
700 679
681 697
706 638
639 709
630 702
628 696
691 668
637 661
617 712
614 608
692 631
709 638
695 692
695 606
700 692
639 707
667 624
606 704
664 637
692 667
689 641
696 712
683 622
714 643
673 653
671 652
629 619
692 611
707 612
712 706
642 615
638 619
662 701
645 691
700 614
636 714
682 689
706 677
695 625
630 629
689 635
714 648
703 694
669 667
622 610
615 669
708 652
657 663
679 694
678 651
656 606
651 693
697 642
651 639
684 634
699 661
626 677
609 637
639 619
636 659
639 661
610 659
711 706
664 700
698 696
645 688
623 657
650 695
678 637
627 701
694 661
691 663
697 686
710 611
696 653
663 625
666 640
709 648
703 675
711 635
738 821
766 837
776 750
727 808
803 759
737 832
733 734
820 829
827 722
850 770
827 835
807 817
777 747
795 771
841 811
846 737
735 768
793 789
725 779
716 753
742 736
760 767
727 782
798 813
836 771
728 790
843 788
747 716
810 786
725 781
809 791
740 848
819 814
777 768
763 756
842 803
790 816
775 721
795 836
730 740
732 815
800 763
831 736
787 771
777 807
776 817
849 838
845 845
849 723
841 736
782 791
804 741
741 811
825 721
720 829
832 809
744 773
848 778
794 811
799 724
844 731
725 744
841 836
799 836
801 723
752 739
729 831
829 758
783 833
812 758
824 817
832 789
829 778
730 763
750 809
719 807
754 848
834 809
812 716
823 748
788 780
842 734
821 812
802 754
761 787
810 795
760 797
825 819
775 722
800 767
789 840
773 775
761 804
739 809
845 757
812 751
830 847
763 740
830 715
812 824
822 790
729 833
830 835
793 757
841 789
778 717
797 757
835 847
832 812
785 749
742 791
787 780
836 748
775 829
813 720
815 822
821 788
834 715
803 833
840 779
817 760
729 763
804 758
782 831
804 720
838 836
752 793
848 761
830 766
804 777
842 823
846 739
814 769
731 767
756 772
837 813
737 833
762 813
715 777
815 842
803 738
816 848
763 772
756 758
820 803
804 724
817 791
846 845
769 816
777 788
780 725
829 768
725 789
803 800
751 821
761 735
774 770
754 847
775 832
794 753
730 748
799 815
718 813
826 740
760 801
832 779
730 779
772 758
745 774
832 753
827 797
747 827
756 840
781 789
722 769
744 792
736 793
725 717
844 792
834 778
831 814
812 828
779 771
735 766
846 811
801 722
744 715
744 787
809 738
790 715
845 820
785 819
720 718
827 845
826 798
828 830
763 813
784 825
825 840
753 729
843 783
839 728
723 736
825 775
807 728
742 716
792 768
787 777
822 749
763 797
846 743
829 812
825 750
807 769
724 741
773 727
728 757
791 810
843 756
794 778
767 754
730 810
780 848
791 716
786 728
794 737
770 718
725 799
758 845
839 801
818 834
773 749
810 763
822 748
825 799
823 792
755 786
797 721
729 721
753 774
751 793
825 716
822 766
827 729
767 761
770 715
822 801
793 748
813 793
732 804
742 807
795 734
776 802
773 803
746 782
837 793
720 758
772 823
791 795
794 763
807 788
851 729
851 741
849 756
723 841
818 816
721 719
831 767
757 835
786 826
829 787
751 768
821 849
783 770
788 828
787 848
716 715
792 805
793 776
814 763
844 819
823 733
837 767
781 847
802 744
780 732
745 720
776 811
804 806
737 826
824 736
798 793
835 745
815 820
725 743
722 749
824 761
754 840
741 826
776 844
759 823
760 789
773 795
814 851
770 821
756 787
796 790
824 850
789 785
790 806
766 825
741 738
821 780
784 812
809 756
769 764
834 742
719 778
805 781
842 837
822 759
826 845
789 806
729 733
827 768
777 851
828 808
819 835
730 731
784 746
838 814
833 836
816 735
811 737
734 774
718 732
821 836
717 721
850 802
746 834
816 734
844 751
720 737
788 797
785 717
747 816
745 789
750 837
818 748
849 823
846 731
789 763
839 732
754 807
718 841
755 835
835 823
809 823
753 747
741 802
809 812
765 774
827 820
721 745
759 801
850 778
773 767
765 764
759 820
840 745
727 817
742 793
753 789
717 781
826 742
850 821
726 754
760 757
810 764
754 722
774 772
720 743
843 808
789 800
782 790
740 782
767 730
780 769
849 837
749 821
793 836
844 777
776 794
849 758
814 808
773 742
848 777
775 734
812 841
814 785
745 823
762 752
782 841
735 847
824 845
737 722
787 751
792 745
737 778
796 742
837 731
828 813
731 792
759 782
814 777
726 746
846 822
800 802
724 850
808 793
800 809
750 790
810 792
807 825
799 751
796 847
792 743
718 768
782 768
717 769
806 795
841 806
775 765
776 813
758 811
750 814
802 736
782 770
731 754
792 740
846 762
811 798
766 820
808 720
757 818
754 784
761 841
850 789
772 768
798 758
791 830
747 762
721 804
801 788
834 754
806 831
849 808
801 755
719 767
770 768
719 728
842 833
769 757
755 737
735 791
841 734
763 796
808 785
774 800
767 820
844 791
732 848
741 731
756 850
756 722
784 735
725 739
851 724
851 779
779 740
742 727
804 792
836 752
727 784
843 832
833 739
744 727
780 837
758 848
814 765
801 830
840 757
790 786
800 718
773 740
772 764
822 717
729 758
807 840
761 781
715 809
804 719
746 721
726 727
731 738
762 775
764 834
809 724
772 808
845 829
731 737
797 776
818 738
789 778
749 801
753 838
721 839
837 723
737 773
835 792
757 792
759 813
793 827
839 840
727 716
842 832
773 768
838 719
718 727
817 786
782 808
845 837
773 833
802 718
766 847
789 749
739 826
732 846
738 768
751 795
841 850
814 823
731 827
804 809
781 753
750 729
824 838
842 817
821 807
770 801
770 722
810 746
745 812
802 782
751 820
822 827
803 811
745 797
805 847
721 796
805 850
782 836
732 825
787 820
783 825
846 756
795 813
742 816
771 830
835 778
817 780
817 769
785 748
781 848
752 828
800 841
848 799
777 743
839 785
809 816
807 757
847 776
753 835
719 781
797 844
817 806
781 808
775 732
745 733
749 759
774 846
756 812
748 827
783 813
807 802
719 789
787 729
768 778
739 766
743 814
830 765
843 781
722 832
844 716
795 720
786 792
719 757
797 782
742 765
809 740
728 822
786 832
798 821
765 833
775 771
732 829
756 815
794 728
752 825
730 753
747 770
827 778
843 719
767 781
832 749
732 747
718 775
806 794
840 723
792 735
785 768
745 717
804 727
736 746
751 749
838 841
767 802
752 743
782 760
737 813
846 834
794 724
737 786
732 812
801 789
825 816
752 722
794 787
802 778
777 838
785 742
841 828
845 719
813 753
832 797
827 782
766 851
775 789
723 817
742 813
751 766
747 721
817 836
824 734
811 814
719 825
746 763
739 813
811 796
749 743
754 728
738 766
812 850
804 847
846 715
723 747
733 845
797 740
778 788
725 751
757 781
765 791
805 775
850 816
806 756
797 723
755 768
767 751
800 849
788 833
758 737
765 796
744 811
765 781
715 728
804 785
782 719
794 762
736 822
716 826
737 807
800 773
784 723
822 782
803 781
750 759
848 725
795 826
733 800
728 799
759 751
851 735
783 740
760 740
788 817
847 757
824 757
736 829
787 781
782 787
816 749
752 842
829 813
741 832
814 847
779 818
751 719
836 800
771 768
738 756
830 734
836 788
829 776
809 785
778 796
831 829
827 815
843 817
750 785
848 786
770 732
839 827
731 744
767 796
784 839
741 769
755 770
754 766
838 782
724 769
809 808
777 791
845 780
844 764
823 810
755 809
724 725
788 735
813 780
760 816
795 756
723 726
730 726
824 744
839 782
850 766
799 777
755 816
809 838
738 765
804 725
723 776
731 799
747 731
812 801
842 776
764 837
755 840
836 734
726 757
797 824
809 799
736 741
806 814
804 801
757 813
789 831
799 839
820 821
831 834
772 739
750 741
764 851
796 729
766 821
721 791
834 823
770 723
845 806
826 757
727 717
826 787
796 735
850 720
812 799
846 777
776 837
821 841
833 800
770 725
722 766
826 770
848 738
715 769
828 798
719 739
818 721
782 840
792 765
846 757
807 766
733 827
721 842
718 767
835 840
727 847
836 773
751 840
753 803
802 766
827 773
756 804
749 770
747 792
846 804
796 747
783 748
789 814
764 836
781 791
835 838
825 780
742 811
738 791
722 748
796 784
788 769
835 799
827 833
727 734
789 759
766 808
748 721
838 787
787 790
848 845
753 732
830 788
846 787
740 796
847 764
750 743
850 763
811 764
812 776
825 762
741 773
718 772
813 758
784 794
840 843
775 841
832 850
791 728
815 739
759 779
752 822
750 795
764 808
764 752
737 821
798 839
817 803
802 721
730 717
837 784
796 818
823 750
731 762
754 800
846 800
784 788
846 832
797 810
722 728
762 783
775 723
814 825
753 805
738 778
723 735
840 715
716 741
771 831
771 730
754 816
833 816
748 787
738 831
725 738
767 795
771 746
794 738
837 761
743 836
746 822
845 850
728 755
797 762
737 763
758 736
847 733
839 778
825 844
742 802
764 828
818 788
815 754
846 760
749 779
843 755
727 759
799 782
742 732
760 796
725 749
787 847
814 796
843 828
747 771
799 826
726 851
748 742
833 782
720 846
736 763
820 833
767 823
845 754
728 780
802 731
827 794
729 742
729 819
784 774
821 790
801 775
778 773
842 814
726 833
738 790
815 731
748 829
732 728
721 762
839 748
736 825
715 842
826 746
728 729
809 849
810 829
808 823
821 763
775 750
742 841
843 780
832 726
803 851
726 821
756 753
743 807
812 753
815 824
765 810
746 770
716 745
816 785
817 810
779 822
717 817
762 798
833 777
787 722
817 813
728 742
767 771
794 830
823 715
842 806
738 842
829 790
753 728
763 747
789 782
845 783
733 719
779 823
733 728
817 819
783 787
771 794
757 725
752 726
755 833
762 829
785 734
766 777
741 814
735 849
787 815
729 717
786 731
752 788
786 801
775 788
734 851
783 750
797 742
748 795
732 740
758 738
738 814
784 815
845 726
743 826
846 726
717 799
821 731
845 828
789 777
743 802
781 768
849 786
842 777
756 796
753 772
715 741
722 730
840 822
733 789
786 740
757 815
785 755
816 786
779 780
830 722
808 800
820 743
733 782
794 725
809 747
819 772
765 749
727 756
809 789
831 723
757 784
844 837
803 772
742 746
738 829
784 733
824 749
734 776
765 733
806 727
766 752
829 777
785 824
815 730
715 841
778 831
771 827
747 772
787 849
816 733
801 780
747 752
726 795
747 739
745 727
842 735
849 845
846 790
784 715
732 835
742 774
790 842
791 743
732 772
731 828
750 818
780 786
738 727
817 763
839 756
836 770
822 753
781 822
738 808
843 742
787 795
780 781
778 757
806 797
725 807
754 781
724 790
825 772
755 829
733 828
837 825
800 729
763 753
841 832
770 830
780 833
743 748
769 779
781 793
740 724
774 834
805 827
732 734
733 720
777 751
717 766
762 716
837 826
826 789
780 755
771 772
783 837
845 777
771 845
740 808
746 715
843 816
774 727
742 786
754 720
825 779
741 758
749 758
848 839
737 849
804 828
755 812
808 846
756 820
833 745
723 768
832 748
848 719
822 800
823 747
815 761
719 829
795 786
811 827
766 763
795 799
726 774
837 835
715 757
806 768
833 768
744 754
754 804
823 737
814 829
728 716
851 823
775 777
727 740
801 848
767 749
845 798
765 748
793 802
803 797
759 843
784 775
764 815
841 791
786 716
737 792
789 811
770 798
845 720
828 785
777 830
794 803
814 716
741 830
837 773
752 729
825 769
759 842
720 843
836 791
836 794
759 844
835 777
847 806
824 813
788 766
827 765
787 715
811 851
734 821
821 717
746 775
741 740
728 734
780 774
849 785
792 803
840 746
781 720
826 823
753 825
749 738
831 809
776 846
787 745
840 806
751 773
764 784
824 844
819 756
799 789
783 719
725 824
745 734
787 792
780 789
811 765
761 791
758 793
780 735
835 731
748 845
721 736
776 839
838 821
782 754
841 776
837 733
728 752
825 754
797 834
770 724
845 838
786 735
810 805
851 786
763 807
841 722
834 750
806 800
832 729
837 832
811 795
828 761
823 836
790 826
737 764
741 794
846 830
763 725
803 749
725 732
769 785
788 814
831 737
741 828
764 816
772 781
825 782
831 739
717 773
762 830
762 817
843 718
755 775
715 822
760 732
728 804
773 732
820 843
736 778
742 779
715 756
738 716
719 754
743 735
752 744
833 795
747 715
838 759
845 810
784 797
850 791
797 796
732 845
805 733
804 818
814 730
786 729
851 833
794 730
804 764
837 799
840 761
762 768
799 745
749 730
743 763
779 778
798 846
764 749
847 813
830 727
758 799
730 787
820 828
806 810
831 845
827 831
758 717
756 831
831 770
743 841
800 799
824 751
747 768
753 734
716 743
792 785
737 759
793 803
766 718
826 771
809 814
802 788
746 818
716 775
717 839
838 715
757 816
724 719
756 765
798 726
783 754
772 818
717 831
850 717
753 773
730 844
846 740
754 789
778 840
816 820
719 723
826 749
797 836
759 797
736 726
802 799
791 760
791 793
799 772
816 740
797 779
804 767
715 851
777 758
821 815
776 749
812 848
781 745
809 813
789 836
788 813
769 731
830 848
778 793
827 798
816 718
806 774
763 825
785 850
723 846
826 778
727 768
823 819
838 739
735 775
810 825
776 791
770 833
847 739
725 748
733 815
803 747
730 843
740 844
745 838
769 774
818 785
752 847
776 736
816 756
808 804
755 827
730 799
734 822
806 835
881 902
907 873
853 873
910 877
906 914
885 911
908 874
868 898
914 901
868 863
896 852
867 892
875 858
857 905
889 854
914 907
913 876
876 912
852 901
912 890
916 862
863 879
890 875
899 887
858 893
879 878
888 901
903 907
867 902
914 884
872 875
901 883
914 873
902 891
890 884
855 879
861 902
905 911
893 890
852 876
900 869
879 899
903 854
867 873
917 909
854 879
874 854
908 879
874 894
890 910
884 910
911 870
863 866
875 903
911 877
863 889
861 886
889 867
907 905
871 854
863 855
867 872
856 880
862 899
852 903
901 911
888 871
880 912
873 890
853 870
913 855
871 890
902 905
914 909
862 879
883 877
911 913
899 913
863 861
904 876
912 911
897 897
906 861
890 869
905 893
883 870
872 864
877 868
886 867
888 856
892 865
915 857
898 912
864 854
852 908
898 889
866 882
906 895
886 884
913 882
914 874
893 876
862 882
854 885
888 874
914 881
916 912
875 893
885 901
908 910
891 874
903 890
917 876
882 907
863 877
866 873
901 858
880 864
861 885
892 877
881 857
901 894
892 868
867 887
915 855
890 856
858 874
872 883
873 871
891 886
860 914
866 915
916 860
888 858
908 900
896 914
862 854
900 866
869 875
857 903
866 891
884 905
892 866
893 869
879 916
890 908
891 915
873 896
853 864
897 905
896 903
909 907
877 915
883 874
858 887
892 887
860 863
896 872
907 855
898 888
901 886
908 867
901 870
872 913
885 881
870 903
891 875
916 865
871 887
876 873
914 867
875 901
901 916
899 886
872 881
900 897
892 881
886 879
888 900
917 908
883 917
874 856
889 903
859 900
885 889
878 915
866 912
877 891
898 883
869 901
863 858
887 917
912 893
853 884
906 878
904 874
903 898
906 862
864 879
853 886
909 862
880 916
905 868
853 880
894 896
908 873
867 903
910 872
904 909
877 893
864 865
876 872
856 915
907 861
914 911
893 860
908 911
862 898
866 862
902 854
892 884
868 857
872 907
870 875
875 888
871 892
907 896
854 914
903 878
898 914
893 854
896 853
862 905
872 871
905 858
892 853
895 890
917 890
867 883
862 894
916 899
855 868
860 896
888 864
863 867
909 916
915 888
889 861
858 867
865 905
852 861
878 902
882 870
891 867
898 877
898 875
909 865
909 873
894 871
904 866
903 863
902 908
899 874
917 868
871 884
890 880
857 880
891 900
897 892
887 888
875 910
910 871
905 867
896 855
863 853
892 872
869 906
912 870
863 882
902 874
908 858
916 914
867 853
895 886
917 875
913 875
864 903
868 916
887 885
891 856
909 855
864 894
907 895
896 878
966 918
920 935
959 933
939 962
999 977
999 960
923 991
944 1001
936 978
942 984
975 958
964 1000
941 967
930 923
942 938
966 961
937 921
947 930
996 933
992 992
943 975
952 975
981 948
1000 980
926 995
954 941
982 959
967 959
955 969
994 930
923 982
997 1003
976 927
951 946
979 970
951 952
929 947
953 972
999 985
963 933
942 965
948 961
963 1001
977 921
943 953
942 927
978 1000
993 985
934 944
993 980
937 983
973 921
985 964
942 941
942 944
996 990
970 937
992 994
919 965
953 979
980 996
961 954
922 988
935 966
960 972
962 927
985 920
970 977
965 977
940 957
932 981
1001 939
983 975
947 1000
1003 969
939 934
967 936
974 969
984 941
963 980
968 971
953 936
986 957
972 977
920 999
981 973
981 938
973 949
999 1002
1000 955
951 987
965 966
964 947
956 947
943 962
975 961
989 929
965 934
938 957
993 987
936 933
930 1003
953 992
952 928
963 940
951 956
959 986
952 945
997 968
926 993
966 974
953 983
981 942
966 946
963 922
947 922
962 941
955 931
1002 957
1003 973
922 967
953 925
954 1002
998 944
933 927
927 973
985 973
944 947
941 1000
992 999
990 989
958 918
944 978
946 967
999 968
1000 958
971 932
958 997
960 965
996 936
965 926
945 983
998 977
944 990
978 989
973 971
946 980
963 988
977 951
990 992
1001 995
938 992
930 968
985 979
919 963
938 998
1000 1001
979 958
988 972
936 980
940 958
952 921
924 983
959 927
988 978
933 949
964 953
945 984
918 982
997 975
978 933
943 919
970 945
977 987
965 930
929 999
965 950
981 990
960 953
925 946
954 959
931 953
962 920
959 981
997 950
957 921
935 962
925 995
931 976
959 980
937 956
955 994
961 987
926 1000
971 997
939 974
967 965
988 983
922 937
952 978
965 962
988 950
957 936
920 1002
1003 980
936 1001
993 952
959 972
974 979
948 938
968 966
978 965
968 940
928 923
989 923
990 927
935 937
970 974
956 1001
960 1000
919 951
924 991
975 969
942 964
961 1001
973 925
950 979
940 939
964 927
934 938
952 979
932 974
933 945
945 954
918 950
941 974
993 997
949 940
979 997
959 918
926 952
996 931
977 952
921 963
935 945
987 958
938 993
949 944
944 981
972 965
954 943
951 996
999 932
995 959
945 934
953 999
938 991
1001 960
969 938
971 949
935 944
992 989
998 975
928 1001
967 944
932 936
927 980
977 993
952 932
993 983
947 920
949 919
960 973
944 964
970 935
937 925
962 923
962 922
948 920
990 924
941 1001
982 969
939 958
988 920
998 952
988 919
985 939
930 962
933 951
928 962
932 948
957 968
993 940
947 987
978 935
946 947
922 986
999 950
935 941
952 985
993 932
948 989
966 939
934 963
950 985
968 949
993 1003
986 944
998 964
925 964
1003 996
990 985
995 968
926 1002
971 951
995 977
969 988
962 937
982 987
995 950
993 946
990 970
956 970
991 978
930 967
986 971
948 1001
957 973
989 952
940 960
959 937
967 962
979 934
976 944
965 929
994 969
1000 946
935 953
922 943
922 919
934 978
994 947
987 962
919 1003
980 958
988 993
1002 918
931 928
967 952
941 964
984 977
983 919
972 997
924 943
918 939
999 943
926 935
959 938
1003 935
1059 1055
1091 1087
1036 1018
1066 1026
1021 1053
1053 1071
1005 1070
1029 1045
1006 1075
1034 1086
1033 1054
1021 1033
1038 1040
1021 1050
1043 1039
1004 1085
1097 1095
1051 1079
1010 1071
1037 1013
1021 1052
1029 1038
1052 1009
1030 1037
1041 1057
1095 1021
1096 1072
1101 1017
1074 1059
1078 1088
1069 1028
1042 1098
1076 1071
1087 1019
1017 1067
1026 1068
1076 1073
1044 1064
1096 1056
1021 1094
1014 1039
1039 1024
1061 1101
1101 1022
1054 1038
1060 1066
1085 1043
1012 1039
1088 1059
1059 1032
1101 1048
1099 1004
1034 1093
1007 1028
1096 1033
1091 1007
1068 1052
1068 1023
1048 1059
1089 1084
1074 1009
1067 1008
1096 1009
1027 1064
1007 1027
1090 1061
1054 1060
1053 1089
1042 1081
1039 1085
1091 1028
1058 1083
1096 1098
1099 1087
1023 1012
1036 1088
1016 1063
1006 1062
1026 1025
1053 1013
1035 1013
1077 1028
1074 1061
1084 1058
1040 1030
1035 1028
1097 1055
1043 1049
1004 1069
1036 1087
1077 1007
1035 1059
1026 1067
1022 1088
1084 1074
1076 1092
1020 1088
1071 1042
1046 1013
1095 1068
1044 1036
1016 1006
1010 1015
1086 1064
1018 1043
1095 1078
1044 1038
1028 1012
1017 1084
1015 1079
1082 1024
1022 1063
1081 1024
1009 1044
1098 1086
1051 1055
1024 1017
1069 1027
1095 1045
1068 1046
1028 1080
1034 1025
1029 1090
1085 1098
1043 1095
1049 1032
1016 1093
1009 1069
1099 1064
1048 1022
1101 1015
1053 1032
1092 1093
1053 1072
1076 1044
1027 1091
1046 1028
1093 1061
1042 1053
1089 1025
1021 1047
1042 1050
1050 1081
1072 1040
1009 1057
1097 1090
1091 1069
1038 1099
1023 1053
1079 1069
1091 1020
1078 1097
1059 1036
1073 1012
1045 1005
1065 1101
1050 1085
1082 1062
1024 1053
1028 1020
1054 1018
1061 1018
1083 1063
1018 1025
1083 1069
1097 1054
1094 1010
1034 1070
1079 1090
1032 1090
1066 1046
1048 1049
1007 1089
1034 1047
1058 1006
1058 1034
1054 1077
1043 1053
1015 1040
1065 1036
1080 1075
1067 1038
1092 1026
1011 1056
1060 1083
1028 1049
1008 1065
1078 1018
1071 1070
1027 1095
1007 1082
1072 1043
1062 1072
1009 1073
1042 1072
1008 1048
1047 1052
1007 1085
1058 1079
1030 1100
1018 1023
1017 1092
1032 1030
1080 1074
1091 1049
1065 1029
1033 1042
1027 1083
1080 1071
1012 1050
1017 1015
1091 1060
1092 1023
1082 1036
1093 1013
1030 1004
1016 1087
1066 1030
1026 1077
1094 1038
1018 1067
1041 1049
1032 1031
1073 1010
1025 1031
1049 1051
1050 1057
1043 1025
1040 1016
1051 1022
1013 1017
1009 1095
1098 1060
1098 1023
1091 1075
1007 1063
1040 1062
1011 1071
1057 1029
1027 1057
1070 1101
1098 1006
1099 1082
1020 1048
1072 1013
1047 1054
1050 1019
1031 1082
1081 1032
1040 1073
1038 1005
1088 1064
1088 1025
1072 1059
1050 1086
1009 1029
1097 1081
1084 1009
1080 1048
1014 1065
1090 1062
1020 1061
1048 1086
1068 1059
1078 1028
1078 1066
1098 1015
1076 1017
1067 1015
1056 1032
1078 1069
1067 1049
1084 1088
1058 1043
1064 1047
1024 1076
1067 1025
1079 1023
1053 1038
1095 1056
1050 1020
1064 1035
1092 1012
1037 1052
1031 1076
1044 1066
1058 1047
1012 1063
1087 1032
1069 1060
1067 1028
1076 1006
1046 1100
1098 1057
1086 1051
1053 1061
1011 1068
1094 1065
1008 1025
1005 1032
1007 1049
1070 1011
1091 1074
1014 1080
1063 1070
1019 1022
1021 1066
1088 1060
1038 1086
1062 1047
1092 1080
1069 1086
1049 1053
1019 1040
1031 1070
1025 1052
1089 1071
1101 1077
1098 1043
1011 1078
1026 1056
1007 1098
1096 1011
1063 1094
1059 1008
1098 1020
1046 1083
1066 1064
1092 1049
1039 1021
1046 1053
1065 1016
1101 1098
1084 1090
1069 1031
1021 1065
1033 1061
1022 1031
1008 1100
1075 1070
1025 1045
1026 1040
1019 1063
1044 1067
1100 1024
1014 1084
1032 1100
1051 1091
1005 1096
1084 1018
1087 1101
1075 1064
1058 1087
1065 1056
1046 1069
1082 1049
1062 1028
1098 1047
1057 1080
1088 1066
1072 1076
1045 1074
1062 1054
1053 1081
1070 1008
1008 1101
1029 1086
1097 1060
1053 1088
1032 1073
1094 1042
1064 1067
1076 1077
1072 1061
1035 1079
1059 1075
1015 1100
1086 1012
1077 1037
1070 1068
1015 1069
1080 1038
1025 1056
1076 1036
1055 1027
1010 1072
1075 1029
1075 1046
1013 1091
1051 1036
1097 1037
1052 1029
1033 1039
1034 1057
1048 1096
1088 1037
1045 1042
1076 1062
1034 1009
1035 1065
1024 1028
1019 1029
1045 1062
1049 1087
1050 1090
1055 1050
1040 1047
1044 1087
1039 1023
1023 1055
1061 1100
1094 1007
1026 1058
1083 1009
1048 1054
1086 1018
1059 1091
1064 1023
1037 1090
1042 1044
1090 1096
1013 1031
1009 1038
1099 1017
1085 1063
1051 1070
1067 1072
1059 1054
1032 1099
1094 1047
1082 1100
1013 1073
1023 1030
1101 1063
1072 1063
1006 1015
1050 1036
1089 1027
1041 1091
1022 1008
1038 1055
1011 1063
1023 1056
1086 1046
1038 1012
1089 1060
1033 1058
1055 1054
1058 1055
1049 1079
1081 1068
1060 1022
1004 1056
1098 1027
1073 1042
1017 1030
1006 1013
1088 1041
1046 1090
1016 1015
1055 1026
1049 1023
1086 1096
1089 1013
1098 1053
1010 1026
1055 1075
1056 1012
1020 1075
1021 1080
1028 1004
1082 1016
1043 1006
1007 1061
1034 1065
1042 1048
1045 1010
1053 1055
1041 1036
1074 1042
1096 1063
1028 1056
1034 1023
1036 1081
1085 1051
1010 1022
1082 1088
1031 1043
1004 1008
1053 1016
1099 1052
1040 1067
1024 1015
1064 1084
1062 1021
1077 1053
1058 1076
1094 1041
1028 1013
1011 1031
1064 1017
1082 1095
1077 1039
1068 1060
1018 1100
1101 1039
1057 1028
1100 1075
1053 1052
1033 1006
1085 1026
1101 1010
1009 1049
1079 1091
1014 1059
1032 1029
1077 1052
1058 1046
1030 1091
1036 1073
1093 1049
1078 1045
1080 1019
1028 1089
1033 1036
1060 1028
1016 1008
1097 1019
1090 1024
1082 1068
1019 1026
1033 1073
1095 1085
1009 1039
1085 1081
1045 1077
1020 1036
1024 1014
1051 1038
1015 1075
1043 1050
1095 1077
1008 1005
1048 1025
1042 1043
1090 1048
1097 1008
1086 1037
1080 1082
1085 1077
1070 1080
1074 1017
1010 1075
1085 1071
1037 1027
1073 1100
1086 1013
1057 1099
1086 1063
1094 1043
1046 1012
1093 1048
1039 1029
1035 1086
1030 1073
1042 1025
1094 1081
1042 1083
1072 1081
1032 1064
1053 1006
1034 1101
1049 1017
1097 1021
1028 1073
1047 1038
1049 1004
1096 1026
1037 1062
1010 1035
1077 1065
1085 1014
1011 1099
1089 1090
1012 1037
1069 1062
1009 1101
1027 1075
1089 1051
1025 1044
1047 1082
1041 1050
1078 1098
1064 1021
1076 1079
1058 1014
1010 1053
1081 1031
1085 1097
1066 1032
1047 1069
1005 1095
1049 1081
1017 1029
1195 1155
1220 1156
1191 1138
1196 1206
1126 1113
1170 1112
1162 1135
1185 1121
1122 1141
1193 1221
1171 1128
1145 1116
1181 1164
1228 1217
1180 1158
1223 1176
1113 1109
1206 1136
1186 1187
1126 1169
1207 1179
1210 1119
1190 1205
1172 1135
1126 1225
1156 1192
1176 1126
1152 1155
1214 1200
1110 1211
1194 1177
1130 1112
1147 1174
1197 1200
1215 1124
1207 1182
1121 1191
1147 1122
1148 1156
1115 1208
1171 1216
1124 1169
1208 1211
1214 1110
1139 1219
1115 1205
1186 1126
1174 1153
1219 1217
1147 1207
1145 1218
1223 1148
1125 1175
1205 1114
1122 1163
1161 1193
1114 1125
1131 1166
1219 1188
1189 1119
1158 1223
1168 1193
1169 1180
1124 1188
1227 1179
1133 1188
1217 1222
1143 1102
1135 1114
1212 1116
1181 1154
1120 1137
1199 1146
1215 1166
1151 1206
1165 1199
1212 1105
1154 1125
1110 1184
1203 1219
1214 1113
1206 1125
1137 1106
1195 1220
1227 1225
1132 1169
1187 1134
1117 1219
1155 1107
1205 1212
1155 1123
1212 1213
1108 1165
1121 1129
1135 1179
1207 1152
1196 1136
1166 1149
1104 1133
1174 1202
1136 1191
1215 1117
1119 1151
1174 1125
1164 1191
1160 1200
1171 1114
1110 1134
1121 1119
1207 1132
1221 1223
1181 1127
1184 1160
1189 1120
1207 1115
1196 1198
1105 1174
1103 1167
1143 1183
1117 1105
1187 1209
1162 1225
1148 1120
1135 1149
1196 1116
1179 1217
1126 1194
1206 1189
1122 1177
1200 1109
1134 1131
1178 1152
1194 1210
1221 1162
1182 1176
1180 1179
1224 1171
1150 1217
1206 1145
1202 1129
1155 1105
1113 1174
1207 1149
1146 1220
1202 1132
1136 1197
1119 1225
1188 1114
1199 1202
1121 1211
1188 1158
1208 1219
1115 1178
1121 1170
1104 1116
1158 1124
1227 1128
1176 1151
1109 1136
1217 1113
1196 1189
1118 1175
1194 1110
1178 1203
1162 1151
1141 1167
1185 1146
1178 1197
1139 1177
1176 1168
1154 1226
1228 1149
1104 1152
1167 1115
1142 1108
1107 1118
1211 1177
1188 1136
1158 1204
1168 1147
1119 1173
1212 1211
1127 1197
1205 1183
1112 1219
1169 1186
1103 1122
1143 1104
1138 1149
1123 1214
1106 1228
1209 1224
1164 1175
1214 1196
1113 1179
1136 1152
1196 1178
1119 1204
1210 1112
1151 1181
1164 1143
1191 1151
1119 1180
1161 1110
1219 1134
1215 1210
1219 1197
1160 1180
1194 1103
1122 1202
1211 1113
1216 1184
1121 1141
1212 1138
1130 1194
1227 1122
1106 1192
1132 1205
1161 1217
1215 1182
1172 1211
1143 1111
1204 1118
1202 1157
1172 1179
1171 1111
1105 1106
1199 1103
1189 1166
1155 1116
1171 1109
1108 1132
1104 1164
1146 1129
1221 1169
1115 1109
1129 1188
1158 1146
1222 1209
1172 1220
1202 1182
1208 1105
1153 1134
1166 1216
1109 1160
1129 1166
1124 1113
1191 1165
1192 1167
1192 1211
1196 1139
1184 1119
1226 1150
1186 1131
1193 1214
1116 1147
1147 1125
1176 1205
1172 1158
1138 1161
1103 1166
1201 1155
1225 1112
1161 1114
1145 1113
1145 1132
1140 1187
1214 1163
1223 1202
1207 1156
1150 1179
1160 1165
1226 1140
1227 1209
1113 1152
1222 1210
1121 1216
1200 1211
1150 1192
1190 1116
1203 1102
1158 1173
1210 1134
1141 1151
1188 1117
1125 1167
1119 1128
1225 1140
1180 1193
1102 1225
1167 1185
1111 1141
1155 1151
1188 1205
1187 1175
1224 1128
1227 1130
1221 1179
1107 1193
1153 1200
1113 1186
1136 1163
1122 1204
1108 1202
1182 1137
1117 1111
1152 1105
1177 1161
1181 1149
1116 1148
1104 1161
1136 1195
1110 1203
1188 1204
1200 1147
1175 1220
1163 1207
1142 1204
1203 1131
1138 1201
1218 1124
1191 1102
1161 1166
1156 1213
1117 1222
1124 1146
1192 1180
1118 1207
1137 1217
1178 1192
1192 1135
1136 1207
1136 1112
1166 1106
1218 1107
1224 1216
1110 1151
1166 1222
1145 1177
1180 1127
1109 1190
1175 1103
1142 1103
1103 1213
1123 1198
1104 1111
1132 1226
1161 1213
1119 1221
1197 1109
1142 1127
1117 1152
1166 1132
1130 1108
1162 1108
1147 1136
1144 1219
1183 1218
1146 1115
1129 1187
1115 1204
1134 1124
1210 1187
1143 1166
1104 1150
1160 1168
1142 1122
1136 1204
1122 1217
1171 1145
1225 1210
1144 1124
1153 1118
1121 1138
1140 1222
1133 1185
1185 1209
1104 1142
1155 1139
1184 1199
1192 1112
1207 1148
1205 1174
1211 1196
1165 1136
1220 1197
1130 1133
1167 1162
1187 1110
1136 1215
1114 1120
1186 1152
1164 1187
1208 1199
1217 1190
1155 1204
1176 1162
1109 1179
1190 1195
1123 1152
1146 1173
1195 1163
1189 1207
1104 1186
1146 1127
1137 1103
1160 1128
1139 1161
1164 1188
1172 1223
1187 1106
1171 1197
1183 1122
1159 1127
1167 1116
1113 1192
1217 1226
1102 1136
1220 1224
1195 1160
1109 1129
1151 1169
1190 1143
1205 1169
1108 1213
1144 1130
1209 1218
1147 1178
1164 1110
1154 1205
1114 1144
1192 1104
1138 1197
1148 1170
1126 1125
1117 1206
1139 1197
1227 1154
1155 1153
1129 1139
1114 1217
1163 1112
1114 1194
1214 1215
1126 1226
1216 1127
1191 1134
1161 1228
1130 1218
1103 1198
1172 1207
1191 1215
1174 1220
1174 1164
1198 1148
1121 1210
1196 1124
1165 1127
1128 1221
1124 1193
1153 1143
1215 1142
1104 1209
1185 1160
1102 1142
1179 1148
1174 1200
1169 1128
1180 1108
1122 1169
1148 1211
1175 1222
1160 1158
1157 1154
1130 1116
1160 1154
1127 1189
1105 1165
1129 1165
1107 1149
1120 1204
1186 1184
1167 1196
1153 1186
1141 1112
1201 1213
1221 1202
1156 1110
1104 1151
1223 1134
1116 1179
1138 1148
1201 1188
1144 1139
1188 1116
1153 1154
1138 1200
1208 1140
1120 1202
1184 1170
1198 1153
1144 1156
1109 1102
1112 1205
1216 1142
1104 1172
1187 1150
1192 1169
1125 1198
1222 1131
1158 1192
1122 1203
1122 1137
1205 1162
1153 1124
1135 1183
1139 1221
1180 1112
1219 1153
1165 1139
1108 1195
1201 1102
1168 1122
1134 1190
1221 1148
1201 1210
1228 1227
1195 1142
1207 1178
1228 1103
1212 1160
1117 1125
1123 1154
1127 1177
1224 1103
1168 1220
1118 1179
1118 1221
1222 1158
1216 1103
1225 1117
1189 1199
1143 1144
1116 1125
1153 1210
1219 1189
1205 1185
1179 1212
1144 1192
1131 1108
1178 1150
1213 1176
1130 1220
1199 1215
1154 1145
1107 1226
1187 1220
1137 1104
1167 1175
1227 1116
1174 1156
1121 1206
1207 1114
1166 1152
1109 1141
1109 1168
1200 1213
1199 1219
1161 1106
1179 1213
1121 1122
1218 1215
1168 1136
1122 1191
1190 1103
1173 1195
1143 1207
1187 1128
1187 1160
1175 1119
1125 1135
1207 1188
1226 1129
1193 1188
1174 1137
1190 1183
1144 1122
1192 1208
1115 1206
1169 1141
1140 1130
1152 1106
1143 1165
1143 1128
1224 1204
1134 1224
1196 1181
1219 1150
1144 1119
1150 1190
1218 1156
1188 1119
1135 1168
1136 1185
1167 1127
1221 1108
1157 1150
1162 1131
1197 1128
1120 1168
1168 1179
1102 1197
1187 1185
1189 1216
1197 1104
1169 1210
1222 1160
1132 1222
1198 1207
1118 1180
1152 1171
1199 1107
1191 1190
1192 1108
1221 1129
1151 1170
1139 1188
1152 1129
1170 1128
1167 1151
1120 1122
1174 1133
1160 1169
1219 1140
1210 1171
1174 1192
1122 1178
1176 1106
1188 1186
1166 1146
1106 1104
1171 1119
1192 1154
1169 1147
1129 1114
1164 1183
1224 1125
1213 1189
1160 1152
1110 1212
1173 1145
1228 1174
1133 1170
1196 1195
1153 1195
1120 1205
1110 1159
1216 1137
1194 1175
1103 1177
1125 1196
1225 1124
1106 1130
1189 1171
1210 1193
1204 1110
1138 1181
1105 1103
1116 1200
1143 1187
1144 1159
1211 1161
1141 1190
1120 1212
1104 1182
1186 1154
1121 1222
1208 1215
1166 1206
1159 1171
1132 1135
1118 1146
1179 1218
1182 1198
1122 1194
1132 1124
1214 1173
1151 1136
1125 1160
1138 1139
1210 1195
1140 1192
1210 1133
1140 1107
1155 1194
1207 1137
1181 1122
1156 1136
1213 1203
1186 1197
1128 1202
1117 1193
1146 1154
1191 1184
1128 1162
1197 1188
1137 1150
1221 1121
1193 1150
1171 1206
1213 1175
1186 1213
1206 1162
1148 1210
1214 1125
1195 1166
1214 1121
1125 1207
1214 1160
1208 1170
1198 1171
1193 1165
1182 1133
1151 1121
1103 1158
1190 1122
1160 1172
1222 1188
1211 1184
1103 1184
1118 1137
1189 1176
1148 1111
1126 1173
1155 1126
1141 1135
1110 1124
1188 1228
1137 1124
1225 1114
1191 1216
1216 1108
1164 1155
1118 1208
1220 1141
1170 1190
1193 1202
1191 1205
1103 1179
1117 1203
1155 1135
1118 1226
1187 1219
1129 1120
1212 1174
1111 1147
1224 1149
1225 1125
1191 1163
1108 1150
1129 1141
1139 1201
1156 1205
1156 1129
1221 1181
1159 1213
1174 1215
1108 1206
1155 1210
1184 1201
1219 1158
1131 1220
1206 1129
1181 1214
1173 1221
1183 1216
1109 1180
1107 1152
1194 1168
1222 1109
1116 1223
1170 1146
1191 1222
1113 1158
1178 1126
1166 1169
1150 1130
1198 1228
1163 1201
1109 1178
1171 1112
1210 1125
1207 1227
1220 1152
1148 1193
1162 1169
1156 1117
1157 1200
1192 1225
1156 1114
1207 1170
1111 1160
1110 1217
1139 1194
1201 1147
1145 1166
1137 1128
1109 1226
1214 1175
1147 1113
1163 1123
1119 1139
1162 1204
1152 1154
1144 1195
1148 1158
1183 1217
1154 1201
1131 1151
1220 1154
1212 1154
1218 1200
1206 1172
1198 1188
1206 1161
1201 1164
1170 1201
1177 1164
1193 1184
1180 1139
1146 1141
1228 1118
1143 1137
1175 1143
1162 1138
1226 1166
1207 1176
1200 1195
1163 1192
1187 1218
1125 1223
1157 1184
1163 1171
1193 1119
1138 1142
1140 1124
1146 1197
1124 1150
1209 1119
1109 1118
1199 1188
1226 1111
1109 1131
1227 1208
1162 1159
1224 1193
1140 1143
1150 1203
1123 1127
1190 1169
1107 1197
1126 1105
1135 1199
1150 1110
1223 1170
1161 1149
1172 1149
1161 1184
1103 1153
1164 1151
1168 1111
1103 1185
1181 1219
1163 1218
1161 1152
1154 1133
1116 1112
1123 1156
1207 1209
1115 1163
1173 1163
1120 1191
1197 1170
1203 1182
1154 1170
1108 1121
1183 1166
1121 1155
1216 1151
1205 1198
1175 1116
1185 1129
1179 1160
1177 1183
1139 1134
1203 1139
1111 1216
1124 1181
1142 1214
1157 1168
1118 1169
1132 1206
1132 1221
1104 1129
1214 1180
1104 1159
1106 1151
1158 1161
1138 1217
1143 1199
1151 1209
1227 1118
1226 1137
1108 1127
1132 1137
1127 1104
1136 1110
1186 1177
1157 1138
1227 1202
1219 1154
1167 1183
1203 1187
1172 1169
1159 1187
1189 1218
1218 1112
1220 1180
1199 1176
1107 1196
1118 1211
1195 1122
1201 1178
1149 1156
1206 1214
1224 1191
1219 1108
1146 1161
1197 1154
1178 1120
1155 1206
1193 1200
1196 1166
1189 1227
1130 1222
1184 1213
1181 1176
1190 1145
1125 1189
1128 1146
1184 1208
1157 1187
1139 1143
1179 1194
1132 1144
1152 1177
1182 1190
1215 1144
1171 1162
1204 1172
1163 1181
1180 1176
1164 1163
1136 1174
1122 1198
1109 1173
1200 1204
1206 1192
1115 1138
1210 1175
1151 1174
1125 1127
1169 1184
1204 1170
1168 1218
1157 1107
1194 1150
1156 1131
1218 1224
1163 1205
1140 1204
1187 1168
1113 1187
1196 1222
1168 1183
1130 1120
1209 1129
1210 1167
1199 1204
1129 1176
1198 1145
1119 1153
1189 1150
1208 1159
1153 1226
1121 1162
1130 1214
1189 1178
1204 1213
1209 1206
1158 1201
1146 1171
1174 1178
1125 1205
1198 1140
1169 1198
1116 1221
1112 1209
1138 1188
1181 1103
1137 1111
1150 1140
1131 1193
1168 1208
1167 1193
1224 1105
1104 1227
1116 1159
1193 1196
1187 1182
1147 1226
1153 1123
1123 1227
1122 1128
1159 1106
1109 1138
1129 1219
1164 1206
1179 1146
1144 1194
1184 1134
1153 1150
1111 1108
1106 1125
1203 1126
1103 1187
1223 1121
1181 1208
1108 1164
1222 1154
1213 1129
1195 1183
1196 1187
1198 1215
1223 1132
1155 1113
1214 1169
1190 1158
1159 1190
1204 1212
1104 1155
1108 1135
1126 1179
1227 1138
1169 1201
1178 1179
1217 1194
1102 1121
1207 1200
1151 1156
1167 1104
1221 1133
1102 1206
1182 1154
1143 1134
1211 1199
1195 1193
1219 1132
1125 1169
1164 1128
1184 1137
1128 1214
1228 1115
1221 1123
1147 1215
1164 1190
1196 1120
1178 1117
1176 1191
1226 1206
1106 1179
1187 1142
1173 1178
1150 1164
1173 1216
1108 1168
1134 1197
1221 1212
1138 1218
1140 1131
1145 1117
1199 1167
1140 1193
1173 1127
1148 1181
1186 1226
1206 1116
1133 1224
1191 1212
1183 1134
1220 1223
1151 1142
1135 1191
1228 1180
1109 1134
1139 1110
1222 1190
1215 1227
1136 1107
1225 1132
1111 1180
1141 1116
1207 1180
1134 1116
1151 1140
1181 1182
1193 1171
1156 1191
1109 1208
1183 1105
1176 1198
1141 1194
1108 1149
1207 1196
1185 1156
1139 1133
1110 1213
1141 1191
1200 1144
1171 1208
1198 1141
1128 1190
1218 1173
1104 1175
1214 1106
1178 1166
1183 1103
1202 1226
1228 1132
1103 1116
1212 1201
1145 1140
1119 1131
1211 1153
1152 1111
1200 1225
1143 1150
1111 1186
1173 1115
1111 1170
1113 1134
1191 1199
1125 1201
1180 1185
1132 1153
1202 1123
1154 1142
1206 1158
1121 1128
1183 1159
1144 1196
1124 1179
1194 1206
1228 1216
1155 1161
1177 1115
1163 1206
1186 1216
1219 1170
1215 1161
1220 1150
1169 1178
1210 1135
1145 1107
1117 1119
1212 1186
1194 1123
1152 1172
1114 1178
1188 1190
1153 1208
1116 1153
1152 1216
1107 1129
1198 1139
1128 1216
1150 1202
1210 1102
1193 1219
1131 1150
1219 1186
1105 1156
1177 1220
1218 1113
1223 1146
1179 1134
1121 1219
1194 1176
1200 1151
1152 1114
1126 1217
1187 1183
1228 1165
1158 1215
1213 1164
1134 1159
1112 1207
1152 1225
1166 1173
1208 1125
1146 1109
1219 1118
1150 1182
1174 1206
1180 1142
1163 1202
1127 1133
1164 1105
1220 1125
1178 1162
1123 1213
1227 1223
1175 1221
1110 1129
1175 1163
1150 1133
1225 1211
1167 1128
1116 1138
1118 1141
1178 1190
1181 1216
1168 1205
1223 1168
1225 1155
1121 1168
1141 1139
1131 1180
1116 1204
1166 1140
1147 1151
1153 1224
1155 1118
1102 1132
1140 1185
1225 1118
1162 1180
1188 1130
1181 1189
1146 1159
1159 1120
1142 1105
1205 1206
1164 1157
1164 1186
1106 1113
1123 1131
1197 1150
1148 1191
1224 1210
1143 1163
1182 1221
1143 1130
1122 1105
1193 1129
1123 1186
1182 1189
1111 1177
1103 1174
1188 1167
1103 1110
1158 1208
1144 1102
1178 1121
1209 1196
1167 1224
1135 1202
1200 1226
1125 1165
1153 1117
1115 1183
1188 1203
1119 1152
1109 1167
1186 1191
1209 1109
1162 1126
1178 1148
1132 1204
1147 1158
1245 1237
1265 1259
1234 1271
1269 1277
1288 1250
1274 1275
1274 1268
1283 1237
1260 1253
1230 1239
1232 1267
1280 1242
1273 1268
1283 1242
1268 1255
1259 1279
1287 1252
1275 1249
1278 1271
1278 1254
1242 1236
1265 1263
1277 1248
1289 1278
1230 1290
1291 1232
1277 1234
1241 1280
1262 1276
1229 1243
1238 1270
1283 1266
1265 1281
1254 1273
1275 1283
1256 1233
1288 1232
1253 1273
1234 1286
1243 1236
1291 1266
1271 1255
1268 1281
1290 1248
1276 1243
1252 1261
1229 1235
1283 1246
1235 1247
1249 1246
1270 1233
1244 1271
1281 1283
1236 1254
1233 1278
1244 1241
1288 1255
1287 1275
1289 1284
1280 1253
1258 1283
1232 1263
1267 1286
1260 1237
1232 1233
1281 1253
1240 1247
1282 1239
1266 1248
1282 1277
1274 1279
1281 1239
1240 1229
1240 1238
1288 1271
1265 1251
1239 1232
1270 1230
1242 1269
1259 1264
1284 1229
1279 1271
1229 1247
1281 1287
1259 1272
1283 1236
1267 1242
1248 1250
1283 1267
1247 1242
1278 1234
1256 1258
1269 1234
1238 1285
1261 1253
1241 1289
1249 1250
1291 1259
1231 1268
1281 1248
1240 1242
1265 1282
1253 1285
1238 1277
1260 1258
1265 1249
1252 1272
1260 1285
1248 1229
1277 1262
1288 1261
1281 1234
1256 1239
1246 1263
1234 1260
1285 1271
1235 1273
1233 1258
1233 1279
1266 1234
1266 1264
1230 1254
1268 1283
1275 1232
1231 1237
1265 1254
1271 1259
1281 1243
1253 1245
1287 1278
1252 1271
1279 1261
1252 1264
1277 1270
1239 1253
1229 1255
1287 1259
1277 1258
1272 1264
1257 1248
1232 1268
1232 1243
1249 1253
1252 1284
1278 1253
1261 1241
1255 1244
1254 1271
1285 1282
1275 1241
1289 1255
1286 1230
1271 1243
1237 1240
1284 1232
1249 1285
1230 1255
1268 1287
1278 1257
1264 1261
1273 1243
1272 1269
1289 1244
1237 1248
1248 1262
1238 1283
1253 1276
1266 1254
1291 1270
1235 1259
1252 1241
1289 1273
1244 1252
1257 1258
1257 1275
1267 1259
1250 1262
1255 1284
1281 1229
1265 1283
1284 1285
1250 1268
1271 1289
1263 1283
1268 1270
1235 1230
1236 1282
1252 1253
1257 1280
1248 1245
1280 1229
1247 1267
1244 1234
1287 1258
1255 1277
1281 1237
1265 1290
1290 1281
1286 1272
1250 1290
1254 1237
1247 1250
1258 1229
1271 1246
1238 1231
1238 1229
1266 1251
1251 1241
1241 1242
1258 1237
1243 1258
1275 1250
1244 1276
1258 1272
1270 1282
1286 1244
1270 1286
1252 1269
1263 1280
1256 1254
1246 1278
1275 1251
1255 1253
1246 1256
1286 1238
1255 1260
1267 1243
1265 1262
1237 1264
1239 1291
1262 1288
1244 1229
1247 1232
1281 1279
1286 1265
1230 1233
1262 1273
1275 1282
1240 1277
1231 1239
1272 1289
1234 1270
1239 1272
1270 1263
1231 1253
1281 1232
1257 1263
1262 1287
1250 1257
1262 1239
1266 1260
1244 1246
1265 1248
1284 1278
1239 1276
1248 1287
1258 1286
1258 1269
1273 1284
1278 1286
1239 1278
1273 1246
1277 1229
1233 1287
1269 1253
1232 1249
1286 1246
1236 1256
1270 1253
1259 1262
1266 1281
1269 1229
1240 1281
1231 1255
1251 1279
1284 1238
1283 1245
1287 1257
1247 1264
1230 1273
1282 1240
1274 1242
1255 1239
1261 1285
1280 1282
1234 1241
1245 1239
1291 1268
1275 1243
1229 1230
1286 1285
1285 1268
1267 1272
1272 1245
1274 1234
1249 1267
1250 1235
1266 1284
1249 1277
1258 1246
1255 1237
1242 1245
1253 1230
1278 1252
1246 1248
1285 1277
1255 1276
1284 1254
1279 1265
1247 1290
1267 1276
1291 1237
1237 1285
1260 1291
1252 1256
1256 1290
1289 1231
1251 1284
1284 1230
1287 1261
1240 1254
1250 1272
1279 1242
1274 1260
100 145
42 163
41 212
33 162
20 193
97 143
125 176
87 191
53 232
76 148
37 200
7 177
84 187
34 360
17 291
59 362
7 248
33 262
11 338
105 372
58 278
67 335
96 294
89 292
116 374
12 285
111 250
46 255
26 310
68 385
15 255
28 333
10 354
61 427
125 448
11 436
5 398
106 399
6 437
19 394
9 413
98 398
113 411
28 432
46 404
16 426
66 434
66 405
124 403
27 435
98 454
100 460
56 503
26 499
12 486
122 462
110 463
127 472
116 512
133 494
64 467
54 496
16 513
52 466
80 508
82 544
84 574
39 548
52 597
30 585
52 632
133 616
73 621
98 674
42 645
108 701
77 842
121 817
15 777
28 769
61 826
73 758
84 863
127 893
79 895
109 904
132 897
80 875
27 895
56 867
64 902
112 860
61 934
106 970
35 933
1 967
123 995
53 1000
16 969
90 955
56 931
44 995
57 949
48 1069
76 1032
13 1078
89 1047
53 1085
43 1012
108 1068
17 1091
49 1005
95 1045
14 1057
130 1062
61 1081
90 1091
28 1181
88 1204
89 1220
57 1102
70 1169
111 1169
90 1204
23 1164
126 1148
99 1184
129 1213
126 1175
101 1203
99 1142
116 1109
81 1112
18 1238
85 1273
71 1232
133 1233
96 1253
14 1247
47 1257
25 1255
25 1232
52 1267
39 1271
38 1286
6 1278
31 1249
45 1278
120 1261
216 366
244 369
197 284
216 248
184 312
147 335
190 356
177 255
156 306
194 311
244 383
160 308
203 318
242 440
206 402
167 427
175 445
215 401
234 439
230 453
206 419
140 421
194 445
155 413
175 396
236 402
239 405
154 437
182 431
167 461
177 495
195 486
228 471
167 485
201 515
174 463
233 501
229 482
182 519
171 519
144 499
158 499
216 506
174 542
224 588
241 604
229 601
225 581
239 532
136 549
141 554
165 558
139 542
137 569
202 560
179 664
210 672
152 706
141 626
217 626
221 625
156 703
149 633
145 647
192 650
150 625
224 608
183 780
167 806
157 752
182 778
197 831
237 734
190 806
233 910
163 863
222 902
136 897
214 903
156 896
238 874
221 889
207 911
189 872
246 901
223 899
153 870
222 871
200 906
161 961
233 929
156 921
161 929
175 967
154 948
226 937
187 930
178 954
171 963
231 1000
149 998
242 947
239 992
227 988
182 928
163 977
171 977
228 942
196 996
153 1076
187 1057
178 1085
245 1022
232 1049
170 1072
223 1068
244 1073
172 1086
187 1089
203 1135
152 1186
155 1152
239 1192
239 1114
239 1119
234 1136
240 1165
208 1195
201 1201
232 1185
144 1157
227 1195
167 1132
236 1171
194 1266
222 1237
136 1265
151 1249
156 1265
204 1258
167 1290
153 1290
189 1282
211 1245
269 416
308 450
256 440
275 430
277 434
322 436
317 425
393 441
253 408
386 420
380 404
372 448
267 451
304 456
324 430
352 397
288 458
288 426
271 505
293 467
294 489
307 484
263 466
247 473
290 525
309 558
340 574
249 543
297 547
374 577
268 553
354 574
387 530
247 587
371 535
319 599
248 604
262 526
303 577
317 581
292 595
347 531
247 549
264 579
336 711
306 706
355 675
314 678
347 676
390 617
361 761
295 828
355 727
296 849
278 732
280 792
357 792
307 804
366 716
258 751
303 749
259 730
297 841
363 878
289 909
332 886
379 881
381 900
266 912
259 872
355 867
283 855
373 897
333 868
272 894
383 874
247 911
284 910
335 870
276 914
355 904
271 934
261 922
247 968
321 994
274 972
276 934
317 1078
283 1054
289 1079
304 1087
283 1005
364 1092
252 1228
273 1117
287 1127
311 1211
370 1106
346 1114
351 1194
369 1151
359 1286
340 1269
368 1254
267 1273
379 1238
272 1252
345 1255
254 1233
321 1272
344 1278
304 1246
307 1234
273 1277
284 1281
362 1272
390 1289
384 1291
369 1254
369 1285
425 470
416 486
434 464
426 491
423 465
453 471
412 523
434 501
404 520
457 474
444 488
440 505
448 478
414 476
444 477
457 482
453 589
433 560
443 524
433 544
414 562
457 578
457 551
403 542
410 584
451 605
404 588
434 571
404 697
440 639
411 697
427 691
439 626
437 647
434 640
458 718
454 805
407 728
427 809
395 803
411 916
458 913
418 853
423 869
419 884
422 871
428 864
412 883
437 902
448 881
435 869
416 865
429 877
407 908
434 883
406 882
446 855
434 986
404 989
459 991
425 1000
416 983
396 955
396 987
425 1001
437 920
424 995
448 918
412 988
418 926
425 979
443 930
414 993
418 977
405 935
420 937
402 1033
441 1079
411 1076
447 1096
411 1013
416 1032
435 1049
445 1043
446 1060
421 1053
410 1058
396 1099
415 1059
417 1013
418 1058
442 1137
415 1140
436 1159
403 1226
400 1104
422 1183
441 1224
419 1113
450 1188
401 1110
415 1129
394 1134
441 1146
446 1214
422 1203
425 1240
454 1269
413 1265
402 1272
398 1261
413 1270
443 1235
417 1231
416 1263
411 1289
505 579
503 568
506 560
482 537
461 524
479 567
460 605
507 568
503 579
473 525
515 586
491 597
467 558
462 590
495 550
460 604
466 585
481 617
490 669
504 653
514 633
468 677
486 656
487 665
463 606
474 655
496 643
508 651
480 710
465 713
499 623
517 631
512 729
490 850
484 843
467 761
507 743
503 774
511 766
511 803
488 823
495 723
489 751
461 751
505 721
491 810
473 897
513 903
492 862
491 901
472 893
501 891
502 1002
520 954
487 928
470 934
490 925
502 1006
470 1026
507 1039
505 1065
479 1080
494 1008
483 1095
506 1065
506 1029
466 1097
506 1025
505 1095
471 1084
495 1109
508 1167
467 1106
502 1127
492 1222
473 1138
480 1126
468 1160
490 1142
507 1175
496 1146
496 1201
486 1207
506 1182
505 1200
506 1148
484 1138
477 1132
472 1228
476 1217
472 1274
495 1236
500 1279
492 1279
479 1266
465 1287
505 1236
473 1230
506 1277
464 1278
494 1277
499 1236
567 644
551 703
533 679
591 701
559 650
540 628
533 637
556 652
552 744
573 811
586 811
540 847
527 838
529 743
565 782
581 719
525 759
597 726
593 741
547 832
527 792
601 753
550 735
525 752
573 838
543 812
524 785
563 888
580 913
556 891
529 884
572 855
592 893
563 865
567 852
526 876
556 877
578 876
529 858
539 877
544 870
552 874
555 863
575 918
544 943
604 936
576 989
571 975
539 969
552 973
531 999
603 934
580 1037
569 1012
588 1087
551 1010
581 1085
576 1046
566 1146
556 1160
602 1214
576 1118
540 1110
601 1210
555 1189
597 1141
578 1172
525 1142
594 1277
581 1233
604 1234
534 1245
570 1278
598 1264
561 1247
566 1234
538 1249
585 1282
564 1279
571 1232
677 760
683 773
614 805
620 808
656 820
680 814
683 788
710 812
684 823
618 798
659 782
643 761
655 824
686 831
623 775
698 719
668 737
631 858
646 878
680 860
695 872
673 882
644 905
648 902
688 905
669 874
622 862
709 915
671 911
644 941
663 998
705 945
676 969
609 927
705 995
619 939
615 982
655 942
705 942
620 991
653 987
672 996
713 986
683 985
621 963
667 1049
609 1073
663 1074
646 1047
669 1005
686 1101
614 1093
607 1105
700 1208
623 1167
619 1139
636 1215
690 1173
653 1216
691 1262
677 1280
616 1263
700 1263
626 1263
655 1240
680 1232
608 1235
691 1242
621 1254
676 1277
614 1268
683 1230
699 1232
652 1229
618 1290
665 1268
673 1282
675 1232
787 867
826 902
827 913
748 900
763 876
741 891
787 855
734 902
782 854
769 910
851 912
721 995
786 998
820 967
753 996
747 984
818 1001
727 990
760 951
717 933
830 984
822 953
754 920
790 1049
824 1042
786 1005
801 1052
777 1050
747 1026
726 1017
831 1059
844 1109
851 1125
718 1189
770 1145
784 1131
815 1108
771 1189
715 1227
791 1224
812 1197
760 1105
849 1169
790 1124
851 1226
828 1266
715 1244
724 1269
825 1253
747 1282
819 1288
786 1235
814 1274
800 1264
763 1252
844 1234
759 1282
792 1273
748 1256
890 994
879 942
903 947
888 969
910 950
853 921
884 984
875 956
893 923
888 972
905 921
862 998
857 919
877 991
903 996
883 970
875 949
895 991
907 1073
909 1066
896 1065
905 1043
916 1091
877 1021
908 1100
888 1047
895 1064
872 1090
852 1025
862 1067
898 1046
915 1046
900 1012
901 1201
915 1167
872 1192
878 1207
880 1198
867 1148
900 1155
854 1223
878 1118
858 1130
862 1135
915 1215
871 1160
916 1228
886 1164
899 1239
874 1287
899 1257
867 1265
896 1254
910 1287
910 1269
890 1250
900 1266
895 1258
870 1258
870 1282
867 1288
883 1282
862 1279
891 1284
870 1236
856 1282
993 1025
999 1079
966 1060
979 1023
920 1018
936 1155
980 1155
935 1123
952 1179
982 1123
978 1204
982 1156
998 1145
989 1192
972 1186
969 1127
988 1121
949 1283
954 1240
939 1286
982 1243
943 1276
932 1232
956 1266
926 1252
940 1270
923 1237
966 1229
1028 1146
1043 1133
1022 1119
1095 1169
1031 1219
1076 1147
1020 1183
1031 1126
1008 1170
1092 1136
1053 1140
1066 1167
1051 1110
1075 1177
1084 1214
1048 1250
1066 1240
1041 1229
1038 1249
1062 1246
1081 1244
1220 1280
1145 1239
1129 1289
1117 1257
1130 1256
1111 1249
1118 1253
1159 1276
1201 1246
1184 1256
1106 1284
1219 1231
1195 1259
1215 1231
1194 1275
1223 1279
1176 1231
1131 1244
